Oid,New_house,New_renter,Previous_renter,House_value_divided_by_wealth,Rent_divided _by_welth,Income_divided_by_wealth,Respoders_networth,Responder_age,white,married,kids,Location
1,0,0,0,0.628,0,0.174,136960.6,46,1,1,0,South
2,1,0,0,5,0,0.708,32165,34,1,1,2,West
3,1,0,0,2.7,0,0.518,48766.3,27,1,0,0,NE
4,0,0,0,2.229,0,0.306,51879,64,1,1,0,West
5,0,0,0,0.87,0,0.093,47209.9,53,1,0,1,West
6,0,0,0,4.032,0,0.322,115690.2,46,1,1,0,MW
7,0,0,0,0.558,0,0.272,89231.9,29,1,1,1,South
8,0,0,1,0.566,0,0.516,44200.9,56,1,0,0,MW
9,0,0,0,0.747,0,0.534,62462.4,37,1,1,3,NE
10,0,0,0,2.683,0,0.337,79374.9,43,0,0,0,South
11,0,0,0,2.49,0,0.296,163418.9,59,1,0,0,MW
12,0,0,1,0,0.331,0.811,14422.4,39,1,0,0,MW
13,0,0,0,1.587,0,0.128,107389.6,42,1,0,0,West
14,0,0,0,2.964,0,0.275,59453.4,39,0,0,2,West
15,0,0,0,0.514,0,0.087,174832.3,76,1,1,0,West
16,0,0,0,1.252,0,0.452,90269.5,49,1,1,0,West
17,0,0,0,1.803,0,0.42,24590.7,53,1,1,0,West
18,0,0,0,2.552,0,0.665,20751.6,29,1,1,2,West
19,0,0,0,1.887,0,0.515,31957.5,53,1,1,0,South
20,0,0,0,0.451,0,0.455,76054.7,41,1,1,2,West
21,0,0,0,0.615,0,0.574,23864.4,24,1,1,0,West
22,0,0,0,0.403,0,0.254,152316.8,49,1,1,1,West
23,1,0,0,0.767,0,0.333,98570.2,45,1,1,0,West
24,1,0,0,1.071,0,0.334,108738.5,38,1,1,1,West
25,0,0,0,1.175,0,0.048,79478.7,74,1,1,0,MW
26,0,0,0,1.212,0,0.497,47728.7,51,1,1,0,South
27,0,1,1,0,0.677,0.69,18676.5,28,1,1,2,West
28,0,0,0,0.621,0,0.052,119321.8,75,1,1,1,South
29,0,0,0,3.636,0,0.46,86741.7,33,1,1,2,South
30,0,0,0,3.289,0,0.109,75224.6,63,1,1,0,South
31,1,0,1,2.796,0,0.519,24901.9,27,1,1,0,South
32,1,0,0,2.634,0,0.505,70244.2,30,1,1,0,South
33,0,0,0,0.412,0,0.219,24175.6,71,1,0,0,MW
34,0,1,1,0,0.075,0.304,148892.8,55,1,0,0,South
35,0,0,0,3.182,0,0.718,16601.3,45,1,0,1,West
36,0,0,0,3.478,0,0.539,52397.8,32,1,1,0,West
37,1,0,0,3.405,0,0.493,46691.1,29,1,1,2,South
38,0,0,0,4.679,0,0.547,28534.5,45,1,0,0,South
39,0,0,0,4.55,0,0.83,14318.6,34,1,1,4,West
40,0,0,0,0.372,0,0.351,125651,51,1,1,0,South
41,0,1,0,0,0.044,0.763,27495.9,41,1,1,1,South
42,1,0,0,3.3,0,0.3,152939.4,39,1,1,2,NE
43,0,0,0,0.706,0,0.126,183133,61,1,0,0,West
44,0,0,0,0.718,0,0.079,121915.7,63,1,1,0,West
45,0,0,0,0.863,0,0.207,109257.2,81,0,0,0,South
46,0,1,1,0,0.145,0.326,79893.7,31,1,0,0,NE
47,0,0,0,4.132,0,0.577,36834.1,37,1,1,1,NE
48,0,0,0,0.535,0,0.604,47728.7,51,1,1,0,South
49,0,0,0,1.507,0,0.472,130735.2,42,1,1,3,NE
50,0,0,0,3.087,0,0.612,29571,48,1,1,0,West
51,0,0,0,0.622,0,0.309,163937.7,60,1,1,0,West
52,0,0,0,3.704,0,0.396,126584.8,56,1,1,0,West
53,0,0,0,1.379,0,0.395,145261.3,47,1,1,1,West
54,0,0,0,0.511,0,0.167,88713.1,73,1,0,0,South
55,0,0,0,0.883,0,0.568,56029.4,71,0,1,0,NE
56,0,0,0,1.14,0,0.335,132810.3,47,1,1,1,South
57,0,0,0,0.993,0,0.319,109153.5,57,1,1,0,South
58,0,0,0,2.941,0,0.451,75639.6,31,1,1,2,South
59,0,0,0,2.933,0,0.426,65367.6,63,1,1,0,West
60,0,0,0,1.43,0,0.279,92344.7,56,1,1,2,West
61,0,0,0,1.06,0,0.325,180539,63,1,1,0,West
62,0,0,0,1.015,0,0.208,104795.6,66,1,1,1,West
63,0,0,0,1.176,0,0.074,62462.4,89,1,0,0,South
64,0,0,0,1.078,0,0.424,89231.9,62,1,0,0,South
65,0,0,1,0,0.04,0.613,13281,49,1,0,0,NE
66,0,0,0,0.479,0,0.264,158749.8,57,1,1,0,South
67,1,0,0,4.019,0,0.644,49803.9,38,1,1,2,South
68,0,0,0,0.952,0,0.222,112577.5,35,1,0,0,West
69,1,0,0,4.02,0,0.583,32165,33,1,1,0,West
70,1,0,0,0.411,0,0.851,12969.8,64,1,1,0,South
71,0,0,0,3.797,0,0.263,172238.4,39,1,1,0,MW
72,0,0,0,4.37,0,0.485,102201.7,44,1,1,2,NE
73,0,0,0,1.266,0,0.33,109983.5,27,1,0,0,South
74,1,0,0,2.099,0,0.352,115171.5,28,1,1,0,West
75,0,0,0,1.696,0,0.728,30608.6,42,1,1,2,South
76,1,0,0,0.688,0,0.344,60179.7,43,1,1,2,South
77,1,0,1,2.045,0,0.311,147336.5,43,1,0,0,MW
78,0,0,0,2.653,0,0.606,50841.5,43,1,1,2,West
79,1,0,0,1.743,0,0.497,54784.3,32,1,1,1,West
80,0,0,0,1.846,0,0.551,41503.2,57,1,0,0,West
81,0,0,0,1.047,0,0.429,52190.3,53,1,1,0,West
82,0,0,1,0,0.028,0.384,116209,59,1,0,0,South
83,0,0,0,1.674,0,0.556,28204.6,47,1,1,1,South
84,0,0,0,0.635,0,0.225,89231.9,38,1,1,2,MW
85,0,0,0,1.636,0,0.245,164975.3,53,0,1,0,MW
86,0,1,0,0,0.716,0.604,31750,27,1,1,2,MW
87,0,0,0,4.124,0,0.518,132810.3,34,1,1,2,NE
88,0,0,0,2.273,0,0.571,108946,61,1,1,0,West
89,0,0,1,0,0.418,0.553,17327.6,33,1,1,0,MW
90,0,1,1,0,0.375,0.699,20232.8,29,1,0,0,West
91,0,0,0,0.189,0,0.087,169706.7,57,1,1,0,MW
92,0,0,0,3.797,0,0.381,123472.1,33,1,1,2,West
93,0,0,1,0,0.232,0.217,63084.9,25,1,0,0,West
94,0,1,0,0,0.796,0.289,59660.9,50,1,0,0,South
95,0,0,0,1.823,0,0.109,170163.2,45,1,0,2,South
96,0,0,0,2.557,0,0.322,104795.6,56,1,0,0,West
97,0,0,0,0,0.097,0.392,46691.1,28,1,1,0,MW
98,0,0,0,4.609,0,0.696,48247.5,37,1,1,2,South
99,1,0,0,1.187,0,0.534,45134.8,44,1,1,2,West
100,1,0,0,3.106,0,0.324,41503.2,44,1,0,1,MW
101,0,0,0,3.077,0,0.565,42540.8,35,1,1,0,West
102,0,0,0,0.577,0,0.553,19921.5,36,1,1,5,West
103,0,0,0,1.027,0,0.058,143912.4,49,1,1,0,South
104,0,1,1,0,0.255,0.273,39428.1,59,0,0,0,MW
105,0,0,0,1.136,0,0.536,114133.9,58,1,1,0,South
106,0,0,0,3.333,0,0.626,63811.2,32,1,1,2,South
107,0,0,0,1.74,0,0.597,28222.2,59,1,0,0,West
108,1,0,1,2.474,0,0.441,78856.1,52,1,1,0,MW
109,0,0,0,0.945,0,0.09,69414.1,79,1,0,0,South
110,0,0,0,0.93,0,0.224,181576.6,58,1,1,0,South
111,0,1,1,0,0.073,0.449,26977.1,27,1,1,1,South
112,0,0,0,1.37,0,0.477,72630.7,39,1,1,5,West
113,0,0,0,3.929,0,0.539,88194.4,37,1,1,2,West
114,0,0,0,2.32,0,0.361,72008.1,54,1,1,0,West
115,0,0,0,1.209,0,0.284,147855.3,39,1,1,2,South
116,1,0,1,1.867,0,0.677,41503.2,56,1,1,0,South
117,0,0,0,0.659,0,0.276,89128.2,59,1,0,0,South
118,0,0,0,2.699,0,0.537,22826.8,54,1,0,0,West
119,0,0,0,0.048,0,0.394,85081.6,30,1,1,2,South
120,0,0,0,1.083,0,0.347,106870.8,38,1,1,2,South
121,0,0,0,0.807,0,0.236,147544,56,1,0,0,West
122,1,0,0,2.399,0,0.255,109983.5,56,1,0,0,NE
123,0,0,0,3.171,0,0.584,45861.1,34,1,0,0,NE
124,0,0,0,3.194,0,0.445,73149.4,34,1,1,2,NE
125,0,0,0,1.952,0,0.285,114133.9,53,1,1,2,South
126,0,0,0,3.409,0,0.498,74705.8,45,1,1,2,South
127,0,0,0,0.246,0,0.701,13073.5,46,1,1,0,South
128,1,0,0,0.206,0,0.629,39428.1,33,1,1,3,South
129,0,0,0,0.649,0,0.258,153561.9,64,0,1,0,MW
130,0,0,0,1.905,0,0.721,12762.2,54,1,0,0,MW
131,0,0,1,0,0.495,0.768,14318.6,58,1,1,0,MW
132,0,0,0,1.354,0,0.096,135923.1,45,1,1,0,South
133,0,0,0,1.038,0,0.142,182974.2,61,1,1,0,West
134,0,0,0,0.75,0,0.116,173276,80,1,1,0,West
135,0,0,0,0.8,0,0.307,23864.4,50,1,1,0,South
136,0,0,0,0.744,0,0.238,131772.8,51,1,1,1,West
137,0,0,0,1.266,0,0.203,38909.3,53,1,1,1,West
138,0,1,0,0,0.286,0.515,23241.8,51,1,1,0,West
139,0,1,0,0,0.558,0.616,30297.4,33,1,1,2,West
140,0,0,0,0.938,0,0.157,122953.3,58,1,0,0,South
141,0,0,0,1.593,0,0.634,47728.7,28,1,1,2,West
142,0,0,0,1.048,0,0.3,124509.7,58,0,1,0,South
143,0,0,0,1.392,0,0.248,157712.3,29,1,0,0,West
144,0,0,0,0.571,0,0.38,108946,49,1,1,0,South
145,0,0,0,1.215,0,0.154,197140.3,58,1,0,0,South
146,0,1,1,0,0.226,0.432,65886.4,43,1,0,0,West
147,0,0,0,1.471,0,0.35,73744,60,1,1,0,South
148,0,0,0,0.889,0,0.069,97117.5,56,1,1,0,South
149,0,0,0,4.918,0,0.566,48766.3,34,1,1,2,South
150,0,0,0,1.462,0,0.184,139194.6,31,1,0,0,South
151,0,0,0,1.891,0,0.397,120359.4,37,1,1,0,NE
152,0,0,1,0,0.044,0.403,36834.1,58,1,0,0,West
153,0,0,0,0.944,0,0.096,29052.3,70,1,1,1,MW
154,0,0,0,1.322,0,0.342,137479.4,32,1,1,3,West
155,0,0,0,2.3,0,0.237,147336.5,40,1,0,7,West
156,0,0,0,3,0,0.367,77299.8,37,1,0,0,West
157,0,0,0,3.704,0,0.413,51879,31,1,0,0,South
158,0,1,1,0,0.342,0.588,16601.3,25,1,0,0,MW
159,0,1,1,0,0.333,0.746,11932.2,36,1,0,0,MW
160,0,1,0,0,0.314,0.159,120255.6,38,1,0,0,NE
161,0,0,0,2.051,0,0.569,45653.6,35,1,1,1,NE
162,0,0,0,2.349,0,0.372,145261.3,44,1,1,2,NE
163,0,0,0,2.857,0,0.387,84044,42,1,1,1,NE
164,0,0,1,0,0.228,0.391,17638.9,77,1,0,0,MW
165,0,0,0,1.863,0,0.82,12969.8,31,1,1,1,South
166,0,1,0,0,0.262,0.305,54991.8,23,1,1,0,West
167,0,0,0,1.432,0,0.326,150449.2,46,1,1,0,West
168,1,0,0,1.027,0,0.269,165494.1,52,1,1,0,South
169,0,0,1,0,0.47,0.842,16601.3,46,1,1,0,NE
170,0,0,0,0.918,0,0.052,196102.8,83,1,1,0,South
171,0,1,1,0,0.048,0.713,11205.9,33,1,0,0,West
172,0,0,0,1.087,0,0.308,115171.5,64,1,0,0,West
173,0,0,0,4.364,0,0.504,29259.8,45,1,0,0,West
174,0,1,1,0,0.059,0.498,28014.7,26,1,0,0,South
175,0,0,0,0.346,0,0.213,38214.1,65,1,1,2,South
176,0,0,1,0,0.278,0.214,24590.7,70,1,0,0,South
177,0,0,1,0,0.023,0.095,58934.6,36,1,0,0,West
178,0,0,0,1.087,0,0.477,103758.1,50,1,1,0,West
179,0,0,0,4.209,0,0.247,155118.3,41,1,1,7,MW
180,1,0,0,1.429,0,0.314,86119.2,59,1,1,0,MW
181,0,0,0,4.634,0,0.527,46172.3,45,1,1,2,MW
182,0,0,0,1.182,0,0.087,175668.6,59,1,1,0,MW
183,0,0,0,1.299,0,0.55,85081.6,45,0,1,0,MW
184,0,0,0,1.176,0,0.244,80412.5,54,1,0,0,MW
185,0,0,0,0.606,0,0.271,164975.3,43,1,1,2,MW
186,0,0,0,0.966,0,0.113,195999,76,1,0,0,MW
187,0,0,0,1.667,0,0.376,43578.4,48,1,0,0,MW
188,0,0,0,0.341,0,0.25,186349.5,60,1,1,0,NE
189,0,0,0,1.915,0,0.366,133329.1,49,1,1,2,West
190,0,0,0,1.767,0,0.305,82933.8,49,1,1,0,NE
191,0,0,0,1.967,0,0.671,34759,37,1,1,2,NE
192,1,0,0,2.083,0,0.624,103758.1,34,1,1,1,South
193,0,0,0,2.117,0,0.523,38390.5,52,1,0,0,South
194,0,0,0,1.712,0,0.294,176388.7,46,1,1,1,South
195,0,0,1,0,0.179,0.778,11724.7,34,1,1,2,South
196,0,0,0,1.796,0,0.239,167050.5,58,1,0,0,South
197,1,0,1,1.599,0,0.291,186764.5,54,1,1,0,MW
198,0,0,0,0.908,0,0.455,85081.6,50,1,1,0,West
199,0,0,0,0.96,0,0.257,127622.4,48,1,0,0,West
200,0,0,0,1.915,0,0.374,87219,36,1,0,0,NE
201,1,0,0,1.384,0,0.406,88401.9,41,1,1,1,MW
202,0,0,0,4.845,0,0.424,90995.8,42,1,1,1,MW
203,0,0,0,2.301,0,0.249,157504.8,38,1,1,1,MW
204,0,0,0,2.32,0,0.416,105106.9,52,1,1,0,MW
205,0,0,0,1.026,0,0.745,44616,60,1,1,0,South
206,0,1,1,0,0.919,0.579,16082.5,29,1,0,0,South
207,0,0,0,0.816,0,0.198,130735.2,52,1,1,1,West
208,0,0,0,1.203,0,0.517,40963.7,45,1,1,1,West
209,0,0,0,1.348,0,0.295,34772.4,62,1,0,0,South
210,0,0,0,1.19,0,0.245,37379.9,65,1,0,0,South
211,0,0,0,3.333,0,0.321,66924,33,1,1,4,West
212,0,0,0,0.996,0,0.163,176388.7,74,0,0,0,NE
213,0,0,0,2.28,0,0.357,105127.7,51,1,1,0,NE
214,0,0,0,2.616,0,0.261,197659.1,55,1,1,0,NE
215,0,0,1,0,0.05,0.133,199734.3,57,1,0,0,West
216,0,0,0,0.675,0,0.385,103446.8,54,1,1,0,West
217,0,0,1,0,0.474,0.68,12347.2,53,1,1,0,West
218,0,0,0,1,0,0.719,22826.8,45,1,1,3,West
219,0,1,0,0,0.357,0.38,50426.4,34,1,1,1,West
220,0,0,1,0,0.063,0.358,63915,65,1,1,0,West
221,0,0,0,1.35,0,0.15,172757.2,69,1,1,0,South
222,0,0,0,3.883,0,0.55,43059.6,40,0,1,1,South
223,0,0,0,4.242,0,0.121,43059.6,61,0,1,0,South
224,1,0,0,5.143,0,0.509,88713.1,37,1,1,1,South
225,0,0,0,0.64,0,0.274,53954.2,31,0,0,0,South
226,0,0,1,0,0.251,0.654,10894.6,26,0,0,0,West
227,0,1,1,0,0.121,0.609,22826.8,26,1,0,0,South
228,0,0,0,1.179,0,0.314,93382.3,38,1,1,3,NE
229,0,1,1,0,0.167,0.566,37871.7,29,1,1,0,South
230,0,1,1,0,0.44,0.666,14526.1,27,1,0,0,South
231,0,0,1,0,0.211,0.461,72630.7,39,1,1,1,MW
232,0,0,1,0,0.453,0.779,10375.8,47,1,0,0,NE
233,0,0,0,4.535,0,0.412,102201.7,44,1,1,1,NE
234,0,0,0,1.135,0,0.154,125547.3,64,1,1,0,West
235,0,0,0,4.842,0,0.62,47728.7,39,1,1,3,West
236,0,0,0,1.751,0,0.402,112577.5,52,1,1,0,MW
237,0,1,1,0,0.01,0.148,41503.2,34,1,1,2,West
238,0,0,0,1.8,0,0.431,57066.9,60,1,1,0,West
239,0,0,0,0.873,0,0.276,190914.8,66,1,1,0,South
240,0,0,0,0.766,0,0.356,131712.6,36,1,1,2,West
241,0,0,0,0.183,0,0.491,74705.8,32,1,1,2,West
242,0,0,0,1.658,0,0.466,22619.3,69,1,0,0,West
243,0,0,0,0.567,0,0.485,67442.7,48,1,1,0,West
244,0,0,0,0.38,0,0.373,188839.7,49,1,1,2,West
245,0,0,0,1.765,0,0.255,167050.5,53,1,1,1,West
246,1,0,0,1.366,0,0.715,16186.3,44,1,1,0,South
247,0,0,0,0.92,0,0.08,157733,74,1,0,2,South
248,0,0,0,1.395,0,0.48,128660,51,1,1,2,South
249,0,0,0,3.659,0,0.803,17638.9,29,1,1,0,South
250,1,0,0,2.642,0,0.424,77299.8,27,1,1,1,South
251,0,0,1,0,0.769,0.757,13488.5,26,1,1,0,South
252,0,1,1,0,0.244,0.673,35277.7,32,1,1,2,MW
253,0,0,0,0.685,0,0.308,166012.9,64,1,1,0,South
254,0,0,0,1.72,0,0.525,54991.8,31,1,1,1,South
255,0,1,1,0,0.266,0.632,12866,27,0,0,0,South
256,0,0,0,0.409,0,0.518,169125.6,41,1,1,3,South
257,0,0,0,0.874,0,0.447,70036.7,52,1,1,1,NE
258,0,0,0,1.519,0,0.815,36315.3,34,1,1,2,MW
259,0,1,1,0,0.5,0.773,10375.8,28,1,0,0,West
260,0,0,0,1.029,0,0.339,108946,38,0,1,2,West
261,0,0,0,4.146,0,0.421,89698.9,33,1,0,0,West
262,0,1,1,0,0.17,0.27,31646.2,25,1,0,0,NE
263,0,0,0,1.397,0,0.335,90788.3,37,1,1,1,South
264,0,0,0,1.77,0,0.327,191744.9,35,1,1,2,West
265,0,0,0,3.75,0,0.645,25109.5,28,1,1,0,South
266,0,0,0,1,0,0.314,126584.8,48,1,1,1,South
267,0,0,0,2.072,0,0.442,65367.6,63,1,0,0,South
268,1,0,0,1.994,0,0.488,116727.8,30,1,1,0,South
269,0,0,0,0.905,0,0.226,189877.3,43,1,1,0,South
270,1,0,1,2.381,0,0.579,50841.5,31,1,1,0,South
271,0,0,0,3.547,0,0.385,186764.5,38,1,1,3,MW
272,0,0,0,2.376,0,0.398,175351.1,38,1,1,3,West
273,0,1,1,0,0.06,0.11,111021.1,24,1,0,0,MW
274,0,0,0,1.617,0,0.236,183651.8,37,1,1,2,NE
275,0,1,1,0,0.324,0.835,12139.7,36,0,0,0,South
276,0,0,1,0,0.224,0.608,21477.9,41,1,0,1,South
277,1,0,1,2.086,0,0.857,10583.3,33,1,1,0,South
278,0,0,0,4.423,0,0.511,90269.5,61,1,1,0,South
279,1,0,1,0.746,0,0.827,11724.7,33,1,1,2,South
280,0,0,0,2.129,0,0.498,49596.4,39,1,1,2,West
281,0,0,1,0,0.082,0.501,35070.2,49,1,0,0,MW
282,0,0,0,2.361,0,0.729,14318.6,38,1,1,0,South
283,1,0,0,1.333,0,0.529,35796.5,48,1,1,1,South
284,0,0,0,1.563,0,0.213,166012.9,57,1,1,1,MW
285,0,0,1,0,0.706,0.779,10417.3,37,1,1,2,MW
286,0,0,0,1.818,0,0.467,88194.4,33,1,1,2,MW
287,0,0,0,2.042,0,0.388,168606.9,44,1,1,3,South
288,0,0,0,1.453,0,0.35,135404.3,57,1,1,1,South
289,0,0,0,0.561,0,0.101,103965.6,33,1,0,3,MW
290,0,0,0,0.954,0,0.102,164456.5,50,1,0,1,West
291,0,0,0,1.917,0,0.417,97532.6,32,0,1,1,MW
292,0,1,0,0,0.394,0.571,30297.4,30,1,1,3,South
293,0,0,0,3.333,0,0.853,10375.8,60,0,1,0,West
294,0,0,0,0.612,0,0.157,199734.3,41,1,1,1,South
295,0,0,0,1.26,0,0.346,175351.1,43,1,1,2,MW
296,0,1,1,0,0.298,0.667,14007.3,26,1,1,0,South
297,0,1,1,0,0.034,0.447,37456.7,26,1,1,0,West
298,0,0,0,1.182,0,0.272,160825,56,1,1,0,West
299,0,1,0,0,0.247,0.493,50218.9,39,1,1,0,South
300,0,0,0,0.606,0,0.267,171200.8,57,1,1,0,South
301,0,0,0,0.871,0,0.218,99504,58,1,1,0,South
302,0,0,0,0.816,0,0.13,190290.2,68,1,1,0,South
303,0,0,0,0.403,0,0.402,98570.2,52,1,1,2,South
304,0,0,0,3.114,0,0.457,34862.7,38,1,0,0,West
305,0,0,1,0,0.157,0.606,19714,24,0,0,0,MW
306,0,0,0,3.022,0,0.271,166531.7,62,1,1,0,South
307,0,0,0,0.885,0,0.116,174120.6,59,1,0,0,West
308,1,0,1,2.474,0,0.838,15563.7,42,1,1,0,West
309,0,0,0,0.724,0,0.299,96546.9,49,1,1,0,South
310,0,1,0,0,0.002,0.346,74602,39,1,0,0,South
311,0,0,0,0.731,0,0.339,157712.3,30,1,1,0,South
312,0,0,0,3.125,0,0.546,40465.6,26,1,0,0,South
313,0,0,0,3.797,0,0.283,69942.3,80,1,1,0,West
314,0,0,0,1.336,0,0.455,74809.6,36,1,1,3,West
315,0,0,0,0.987,0,0.279,128141.2,62,1,1,0,South
316,0,1,1,0,0.358,0.269,166012.9,35,0,1,3,West
317,0,0,0,2.295,0,0.148,148374,38,1,0,0,South
318,1,0,0,2.5,0,0.395,127622.4,33,1,1,0,South
319,1,0,0,0.36,0,0.51,14526.1,65,1,1,0,MW
320,0,0,0,1.75,0,0.332,98570.2,47,1,0,0,MW
321,0,0,1,0,0.163,0.444,39479.9,28,1,0,0,MW
322,0,0,0,0.339,0,0.717,18676.5,51,1,1,0,MW
323,0,0,0,0.915,0,0.126,82072.6,81,1,0,0,NE
324,0,0,1,0,0.426,0.573,20751.6,36,0,0,3,South
325,0,0,1,0,0.194,0.761,20751.6,43,0,1,2,South
326,0,0,0,4,0,0.592,16030.6,42,0,0,0,MW
327,0,0,0,2.785,0,0.325,79374.9,60,1,0,0,South
328,0,0,0,0.71,0,0.259,117765.4,63,1,0,0,West
329,0,0,0,0.354,0,0.439,81968.9,35,1,1,0,West
330,0,1,1,0,0.379,0.579,19714,37,1,0,3,NE
331,0,0,0,1.515,0,0.341,136960.6,53,1,1,0,NE
332,0,0,0,1.376,0,0.373,115171.5,52,1,1,0,NE
333,0,0,0,0.957,0,0.072,162900.1,78,1,0,0,NE
334,0,0,0,3,0,0.541,31127.4,55,1,1,0,West
335,0,0,0,1.613,0,0.374,88505.6,50,1,0,0,NE
336,0,1,0,0,0.317,0.757,18676.5,47,1,1,0,South
337,0,0,0,0.356,0,0.329,64122.5,39,1,0,0,West
338,0,0,0,0.73,0,0.367,190396,48,1,1,0,South
339,0,0,0,1.333,0,0.285,99711.5,31,1,1,4,West
340,0,0,0,2.535,0,0.666,46898.6,34,0,1,1,South
341,0,1,1,0,0.725,0.262,117246.6,30,1,0,0,MW
342,0,0,0,4.524,0,0.355,129697.6,40,1,1,3,South
343,0,0,0,3.259,0,0.473,29156,53,1,0,0,West
344,0,0,0,1.652,0,0.313,132499.1,52,1,0,0,South
345,0,0,0,2.144,0,0.395,57066.9,45,1,0,2,West
346,0,1,0,0,0.234,0.678,20751.6,29,1,1,1,West
347,0,1,1,0,0.426,0.528,11050.2,22,1,1,0,South
348,0,0,0,1.257,0,0.387,123160.8,61,1,0,0,South
349,0,0,0,2.182,0,0.155,61632.3,47,1,0,0,MW
350,0,0,0,1.565,0,0.302,113096.3,37,1,1,2,South
351,1,0,0,2.778,0,0.287,120878.1,29,1,1,2,South
352,0,0,0,0.94,0,0.338,135923.1,63,1,1,0,South
353,0,0,0,0.993,0,0.357,137479.4,60,1,1,0,South
354,0,0,0,3.509,0,0.204,146298.9,29,1,1,0,NE
355,0,0,0,3.182,0,0.772,18676.5,40,1,0,0,NE
356,0,0,0,1.481,0,0.322,87338.4,29,1,1,1,South
357,0,0,0,1.364,0,0.336,118284.2,43,1,1,2,West
358,0,0,0,1.547,0,0.437,150449.2,41,1,1,4,West
359,0,0,0,1.529,0,0.314,145261.3,49,1,1,1,West
360,1,0,0,3.721,0,0.252,89024.4,49,1,1,0,West
361,0,1,1,0,0.519,0.665,14214.9,38,1,0,1,West
362,1,0,0,4.615,0,0.705,19195.2,28,1,1,2,West
363,0,0,0,1.429,0,0.416,76972.9,34,1,1,1,West
364,0,0,0,1.121,0,0.264,94004.8,49,1,1,0,South
365,0,0,0,1.885,0,0.536,92344.7,47,1,1,1,South
366,0,0,0,4.523,0,0.781,10583.3,37,1,0,0,NE
367,0,0,0,3.585,0,0.514,73668.2,31,1,1,3,West
368,0,0,0,1.316,0,0.387,109983.5,55,1,1,0,West
369,0,0,0,3.337,0,0.554,66267.2,35,1,1,5,South
370,0,0,0,0.594,0,0.325,95457.4,53,1,1,0,South
371,0,0,0,3.095,0,0.11,71074.3,49,1,1,0,MW
372,0,0,1,0,0.041,0.074,146443.1,32,1,0,0,South
373,0,1,1,0,0.085,0.249,178671.4,27,1,1,0,MW
374,0,0,0,1.954,0,0.247,81190.7,35,1,0,2,South
375,0,0,0,2.34,0,0.307,103758.1,35,1,1,1,West
376,0,0,0,2.472,0,0.358,160202.5,45,1,1,1,West
377,0,0,0,1.172,0,0.233,135404.3,50,1,0,0,MW
378,0,0,0,0.828,0,0.193,161862.6,46,1,0,0,MW
379,0,1,1,0,0.134,0.254,35277.7,26,1,0,0,MW
380,0,0,0,1.284,0,0.311,115171.5,60,1,1,0,MW
381,0,0,0,1.944,0,0.349,98051.4,44,1,1,1,South
382,0,0,0,3.663,0,0.422,58104.5,51,0,0,0,NE
383,0,0,0,1.57,0,0.206,81138.8,56,0,0,0,NE
384,0,0,0,0.736,0,0.695,18261.4,49,1,1,0,South
385,0,0,0,2.025,0,0.358,141111,49,1,1,0,South
386,1,0,0,2.439,0,0.406,125547.3,29,1,1,0,MW
387,0,0,0,2.697,0,0.533,29363.5,61,1,0,0,NE
388,0,1,1,0,0.435,0.694,14655.8,28,0,0,2,NE
389,0,0,0,1.101,0,0.436,100645.3,47,1,1,2,NE
390,0,0,0,3.667,0,0.761,25939.5,36,1,1,3,South
391,0,0,0,5.015,0,0.385,63292.4,37,1,1,5,MW
392,0,0,0,1.786,0,0.56,62254.8,36,0,1,1,South
393,0,0,0,1.21,0,0.386,127103.6,49,1,1,1,West
394,0,0,1,0,0.343,0.616,31127.4,39,1,1,1,South
395,0,0,0,3.07,0,0.446,99089,54,1,1,0,MW
396,0,0,0,1.292,0,0.165,179501.5,46,1,0,1,MW
397,0,0,0,0.388,0,0.311,45134.8,50,1,1,0,West
398,0,0,1,0,0.029,0.215,122434.5,57,1,0,0,South
399,0,0,0,1.737,0,0.483,72581.9,34,1,1,2,West
400,0,0,0,0.602,0,0.231,168088.1,32,1,1,2,South
401,0,0,0,0.429,0,0.691,17638.9,65,1,1,0,South
402,0,0,0,2.344,0,0.406,107908.4,37,1,1,2,South
403,0,0,0,0.818,0,0.193,95457.4,66,1,1,0,South
404,0,0,1,0.789,0,0.737,20440.3,42,1,1,2,South
405,0,0,0,2.022,0,0.437,39220.5,40,1,1,2,South
406,0,1,1,0,0.616,0.65,19921.5,35,1,1,2,MW
407,0,0,0,2.4,0,0.468,59142.1,46,0,1,0,West
408,1,0,1,0.467,0,0.364,186764.5,58,1,1,0,South
409,0,0,0,0.457,0,0.764,22826.8,39,1,1,2,West
410,0,0,1,0,0.32,0.706,21789.2,45,1,1,6,West
411,0,0,1,0,0.459,0.664,18676.5,55,1,1,0,West
412,0,0,0,0.084,0,0.664,19299,43,1,1,2,West
413,0,0,0,0.023,0,0.34,183651.8,37,1,1,3,South
414,0,0,0,0.685,0,0.242,65886.4,36,1,0,0,NE
415,0,0,0,3.306,0,0.347,164975.3,38,1,1,2,NE
416,0,0,0,5.172,0,0.469,33202.6,33,0,0,0,West
417,0,1,0,0,0.141,0.312,119840.6,40,0,0,0,West
418,0,0,0,1.088,0,0.139,150553,57,1,0,0,MW
419,0,0,0,4.324,0,0.376,69310.4,36,1,1,0,MW
420,0,0,0,1.409,0,0.97,11413.4,31,1,1,2,South
421,0,1,0,0,0.353,0.646,37352.9,31,1,0,0,MW
422,0,0,0,2.079,0,0.281,93382.3,27,1,1,1,MW
423,0,0,0,2.275,0,0.515,34759,26,1,0,0,MW
424,0,0,0,1.667,0,0.115,178463.9,80,1,1,0,West
425,0,0,0,2.727,0,0.327,184689.4,56,1,1,0,West
426,0,0,0,0.682,0,0.291,197140.3,55,1,1,0,West
427,0,0,0,1.138,0,0.364,98570.2,54,1,1,0,South
428,0,0,0,1.427,0,0.587,48870,52,1,1,0,South
429,0,0,0,0.886,0,0.167,118491.7,81,1,1,0,NE
430,0,0,0,1.176,0,0.458,124509.7,45,1,1,2,NE
431,0,0,0,3.782,0,0.257,115171.5,64,1,1,1,South
432,0,0,0,1.071,0,0.203,185415.7,44,1,1,2,South
433,0,0,0,3.315,0,0.837,18676.5,34,1,1,1,West
434,0,0,0,1.038,0,0.205,144638.7,42,1,0,0,South
435,0,1,1,0,0.224,0.562,34759,29,1,0,0,MW
436,0,0,0,2.186,0,0.446,166012.9,55,1,1,0,South
437,0,0,1,0,0.155,0.213,76781,41,1,1,0,South
438,0,0,0,0.591,0,0.104,101682.9,77,0,1,0,South
439,0,0,0,2.583,0,0.353,96495,38,1,1,0,South
440,0,0,0,1.852,0,0.349,187802.1,40,1,1,2,NE
441,1,0,0,0.341,0,0.626,23034.3,47,1,1,0,West
442,0,0,1,0,0.314,0.396,20751.6,79,1,0,0,West
443,0,1,1,0,0.31,0.655,12888.8,36,1,0,1,West
444,0,0,0,2.097,0,0.396,77818.6,60,1,1,0,West
445,0,0,0,0.943,0,0.063,74705.8,68,1,1,0,West
446,0,1,0,0,0.211,0.361,158438.6,44,1,1,1,West
447,0,0,0,0.757,0,0.57,64330,40,1,1,4,West
448,0,0,0,0.565,0,0.532,21374.2,61,1,0,0,MW
449,0,0,0,0.635,0,0.271,156155.9,45,1,1,1,West
450,0,0,0,1.071,0,0.42,107389.6,51,1,1,1,West
451,0,0,0,1.747,0,0.319,159268.6,61,1,1,0,West
452,0,0,0,2.549,0,0.626,75743.4,42,1,1,3,West
453,0,0,0,0.877,0,0.458,101682.9,57,1,1,0,MW
454,0,1,1,0,0.161,0.766,17638.9,35,1,1,3,West
455,0,0,0,0.583,0,0.324,128348.7,59,1,1,0,West
456,0,0,0,2.02,0,0.47,37041.6,54,1,1,0,NE
457,0,0,0,1.022,0,0.275,120359.4,32,1,1,2,NE
458,1,0,0,1.212,0,0.852,12451,53,1,0,0,MW
459,0,0,1,0,0.225,0.5,29052.3,61,0,1,0,South
460,1,0,0,1.75,0,0.262,197140.3,34,1,1,2,South
461,0,1,0,0,0.122,0.605,28811.5,26,1,0,0,South
462,0,0,0,2.162,0,0.428,105314.4,36,1,1,2,MW
463,0,0,0,0.98,0,0.188,152524.4,38,1,0,0,NE
464,0,0,0,3.455,0,0.506,50883,43,1,1,2,West
465,0,0,0,0.931,0,0.175,168191.8,55,1,1,0,NE
466,0,0,0,0.973,0,0.467,51879,32,1,1,4,NE
467,1,0,0,1.389,0,0.556,31127.4,28,1,1,1,NE
468,0,0,0,3.917,0,0.564,49285.1,33,1,1,2,South
469,0,1,1,0,0.3,0.174,134885.5,29,1,1,0,MW
470,1,0,1,0.434,0,0.428,91514.6,40,1,1,1,West
471,1,0,1,2.703,0,0.378,47728.7,30,1,0,0,South
472,0,1,1,0,0.324,0.771,12451,26,1,1,0,South
473,0,0,0,0.619,0,0.51,56444.4,62,1,1,0,West
474,0,0,0,0.98,0,0.412,53331.6,59,1,1,0,West
475,0,0,0,4.643,0,0.584,19714,28,1,1,2,West
476,0,0,0,0.98,0,0.157,197140.3,47,1,1,0,West
477,0,0,0,0.844,0,0.363,112058.7,41,1,1,1,West
478,1,0,0,3.017,0,0.679,14214.9,26,1,0,0,West
479,0,0,0,1.328,0,0.431,108738.5,38,1,1,2,NE
480,0,0,0,0.923,0,0.45,36315.3,47,0,0,1,South
481,0,0,0,1.159,0,0.541,71385.5,59,1,1,0,West
482,0,0,0,0.743,0,0.412,80412.5,53,1,1,0,West
483,0,1,0,0,0.041,0.253,69102.9,28,1,0,0,West
484,0,0,0,0.912,0,0.415,132810.3,34,1,1,2,South
485,0,0,0,3.773,0,0.387,114133.9,45,0,1,0,South
486,0,0,0,1.348,0,0.213,53124.1,72,1,1,0,South
487,0,0,0,0.971,0,0.041,92759.7,87,0,0,0,South
488,0,0,0,1,0,0.199,26977.1,60,1,0,0,MW
489,0,1,0,0,0.347,0.689,19817.8,29,1,0,0,NE
490,0,0,0,0.721,0,0.056,130735.2,73,1,0,0,NE
491,0,0,0,3.947,0,0.85,11205.9,53,1,1,0,NE
492,0,0,1,0,0.344,0.678,15563.7,50,1,1,2,NE
493,0,1,1,0,0.605,0.783,11932.2,32,1,1,0,NE
494,0,0,1,0,0.575,0.572,32580,60,1,1,0,NE
495,0,0,0,0.468,0,0.089,152524.4,73,1,1,0,South
496,0,0,0,2.609,0,0.425,108115.9,63,1,1,2,South
497,0,0,0,2.348,0,0.578,37197.3,28,1,1,1,South
498,0,0,0,0.847,0,0.191,197140.3,54,1,1,0,NE
499,0,1,1,0,0.033,0.612,11932.2,49,1,0,0,South
500,0,0,0,1.397,0,0.411,55510.6,26,1,0,0,MW
501,0,0,0,0.368,0,0.325,25939.5,54,1,0,0,South
502,0,0,0,1.038,0,0.472,25805.7,51,1,0,0,South
503,0,1,1,0,0.107,0.591,49803.9,57,1,1,0,South
504,0,1,1,0,0.234,0.74,15044.9,34,1,1,1,South
505,0,0,1,0,0.429,0.728,11620.9,39,1,0,1,West
506,0,0,0,0.906,0,0.331,198696.7,51,0,1,0,West
507,0,1,1,0,0.835,0.664,23656.8,50,1,1,0,South
508,1,0,1,0.806,0,0.52,108946,43,1,1,3,West
509,0,0,0,2.25,0,0.521,22826.8,63,1,1,0,West
510,0,0,0,2.453,0,0.403,108946,43,1,1,2,NE
511,1,0,0,1.543,0,0.223,168399.3,54,1,0,0,MW
512,0,1,1,0,0.635,0.734,24901.9,28,1,1,0,MW
513,1,0,0,4.627,0,0.807,15563.7,35,1,1,2,South
514,0,1,1,0,0.173,0.2,24901.9,23,1,0,0,South
515,0,0,0,0.841,0,0.436,67442.7,52,0,1,0,West
516,0,0,1,0,0.453,0.605,17431.4,29,0,0,1,South
517,1,0,0,1.656,0,0.238,129697.6,61,1,1,0,South
518,0,0,0,0.543,0,0.086,128763.8,78,0,0,0,West
519,0,0,0,0.719,0,0.165,184689.4,60,1,1,0,West
520,0,0,0,3.719,0,0.482,65367.6,30,1,1,2,West
521,0,0,0,2.905,0,0.445,92344.7,32,1,1,2,MW
522,1,0,1,1.515,0,0.41,155637.1,40,1,1,0,South
523,0,0,0,0.736,0,0.081,103758.1,76,1,0,0,West
524,0,0,0,0.534,0,0.344,89231.9,54,1,0,0,West
525,0,0,0,2.609,0,0.437,54991.8,46,1,0,1,West
526,0,0,0,1.259,0,0.343,87156.8,33,1,1,0,West
527,0,0,0,1.3,0,0.132,97740.1,64,1,0,0,West
528,0,1,0,0,0.304,0.441,64433.8,41,1,0,0,West
529,0,0,0,0.729,0,0.309,42644.6,64,1,1,0,South
530,0,0,0,0.758,0,0.308,139035.8,30,1,1,1,West
531,0,0,1,0,0.587,0.416,13488.5,24,1,0,0,MW
532,0,0,0,0.368,0,0.292,79893.7,64,1,1,0,South
533,1,0,0,2.395,0,0.114,109983.5,26,1,1,0,MW
534,0,0,0,1.592,0,0.252,172829.8,57,1,1,0,MW
535,0,0,0,0.195,0,0.12,77818.6,68,1,1,0,South
536,0,1,0,0,0.119,0.283,140073.4,69,1,1,0,NE
537,0,0,0,1.255,0,0.193,144638.7,41,0,0,0,West
538,0,0,0,1.586,0,0.577,64848.8,33,1,1,3,South
539,0,0,0,0.714,0,0.121,196102.8,75,1,1,0,South
540,1,0,0,4.275,0,0.619,42540.8,47,1,1,1,South
541,0,0,0,2.782,0,0.53,36315.3,42,0,0,1,South
542,0,0,0,2.821,0,0.505,81657.6,36,1,1,2,West
543,0,0,0,4.485,0,0.515,33202.6,55,0,0,0,South
544,0,0,0,0.716,0,0.255,154599.5,64,1,1,0,South
545,0,0,0,0.817,0,0.075,69517.9,47,0,0,1,South
546,0,0,0,1.236,0,0.338,195065.2,44,1,1,1,NE
547,0,0,0,1.212,0,0.356,107908.4,54,1,1,1,West
548,0,1,1,0,0.023,0.233,16497.5,31,1,0,0,MW
549,0,0,0,0.424,0,0.334,92915.3,40,1,1,2,South
550,0,0,0,4.017,0,0.323,44616,51,1,0,0,West
551,0,1,0,0,0.589,0.586,76781,40,1,0,1,NE
552,0,1,1,0,0.195,0.581,26977.1,54,1,0,0,West
553,0,0,0,2.348,0,0.347,139658.4,39,1,1,2,West
554,0,0,0,0.793,0,0.13,106663.3,28,1,0,0,West
555,0,0,0,0.571,0,0.198,101682.9,27,1,0,0,West
556,0,0,0,0.921,0,0.376,68480.3,61,1,1,0,West
557,0,0,0,1.905,0,0.457,78856.1,40,1,1,2,West
558,1,0,1,1.211,0,0.165,181576.6,45,1,1,2,MW
559,1,0,0,2.565,0,0.379,107908.4,36,1,1,2,South
560,0,0,0,0.519,0,0.116,104691.9,72,1,0,0,West
561,0,0,0,0.676,0,0.153,150938.9,47,1,0,0,South
562,0,0,0,0.074,0,0.233,47313.7,81,1,0,0,South
563,0,1,0,0,0.096,0.683,25109.5,27,1,0,0,South
564,0,0,0,0.873,0,0.063,137998.2,72,1,0,0,NE
565,0,0,0,0.663,0,0.261,169852,59,1,1,0,South
566,1,0,1,1.272,0,0.422,154184.5,32,1,1,1,NE
567,1,0,1,0.877,0,0.515,76781,29,1,1,0,NE
568,0,1,1,0,0.609,0.723,17680.4,33,1,1,2,NE
569,0,0,0,0.789,0,0.664,22826.8,59,1,1,0,NE
570,0,1,1,0,0.399,0.643,17638.9,33,1,1,1,MW
571,0,1,1,0,0.491,0.425,34655.2,27,1,0,0,West
572,1,0,0,1.966,0,0.764,17638.9,32,1,1,1,West
573,0,0,0,0.275,0,0.132,103758.1,52,1,0,0,MW
574,0,0,1,0,0.106,0.555,33327.1,58,1,0,0,NE
575,1,0,1,1.557,0,0.414,72526.9,28,0,0,0,West
576,0,1,1,0,0.667,0.628,28014.7,33,0,1,4,South
577,0,0,0,1.475,0,0.445,95976.2,35,1,1,0,West
578,0,0,1,0,0.025,0.409,108219.7,55,1,1,0,West
579,1,0,1,1.628,0,0.696,41088.2,53,0,1,1,MW
580,0,0,1,0,0.1,0.336,72630.7,47,1,1,0,MW
581,1,0,1,2.62,0,0.706,23864.4,56,1,1,0,South
582,1,0,1,0.543,0,0.7,72111.9,65,1,1,0,MW
583,0,0,0,4.063,0,0.712,75224.6,64,1,0,0,MW
584,0,1,1,0,0.349,0.214,21789.2,20,1,1,0,MW
585,0,0,0,3.209,0,0.583,81968.9,61,1,1,1,West
586,0,1,1,0,0.354,0.688,10687.1,32,0,0,0,West
587,0,0,0,1.051,0,0.391,179501.5,48,1,1,2,NE
588,0,0,0,2.162,0,0.291,159268.6,44,1,0,1,NE
589,0,0,0,1.026,0,0.188,180539,44,1,1,0,West
590,1,0,0,1.028,0,0.332,141007.2,55,1,1,0,South
591,0,0,0,0.677,0,0.292,130838.9,59,1,0,0,West
592,1,0,0,2.61,0,0.757,21789.2,32,1,1,0,West
593,0,0,0,0.576,0,0.456,24383.1,25,1,0,1,South
594,0,0,0,3.125,0,0.494,133847.9,34,1,1,2,West
595,1,0,0,0.574,0,0.262,106923.7,69,1,1,0,South
596,0,0,0,1.667,0,0.509,77818.6,48,1,1,0,West
597,0,1,1,0,0.264,0.381,40347.4,28,1,0,0,West
598,0,0,0,1.359,0,0.472,142148.6,50,1,1,1,West
599,0,0,1,0,0.59,0.606,19714,42,0,0,1,South
600,0,0,1,0,0.064,0.815,29363.5,53,1,1,1,NE
601,1,0,0,1.353,0,0.71,33202.6,37,1,1,2,West
602,0,0,0,3.325,0,0.709,22619.3,34,1,1,2,West
603,0,1,1,0,0.22,0.561,12243.5,26,1,1,0,MW
604,0,0,0,3.135,0,0.196,54991.8,73,1,1,0,West
605,0,0,0,2.561,0,0.368,88194.4,54,1,0,0,West
606,0,0,0,0.872,0,0.204,155637.1,38,1,1,2,West
607,0,0,0,0.238,0,0.229,143186.1,61,1,1,0,West
608,0,1,1,0,0.97,0.515,17431.4,46,1,1,0,South
609,0,0,0,4.833,0,0.82,11413.4,32,1,1,4,South
610,0,0,0,1.553,0,0.697,41503.2,33,1,1,2,South
611,0,0,0,4.095,0,0.469,89231.9,33,1,1,1,West
612,0,1,1,0,0.444,0.66,16082.5,33,1,0,3,South
613,0,0,0,1.86,0,0.599,16082.5,71,0,1,0,South
614,0,0,0,0.771,0,0.306,179501.5,60,1,1,0,West
615,0,0,0,2.014,0,0.417,63811.2,58,1,1,0,West
616,0,0,0,1.587,0,0.607,72630.7,45,1,1,2,NE
617,0,0,0,2.247,0,0.309,109361,62,1,1,0,MW
618,0,0,1,0,0.306,0.615,38390.5,42,1,1,1,MW
619,0,1,1,0,0.265,0.459,11413.4,24,1,1,0,West
620,0,0,0,0.451,0,0.171,108427.2,27,1,1,1,West
621,0,0,0,1.844,0,0.528,82072.6,41,1,1,1,West
622,0,0,0,4.808,0,0.451,98570.2,43,1,1,0,West
623,0,0,0,0.632,0,0.385,89231.9,57,1,1,0,South
624,0,1,1,0,0.063,0.104,126584.8,59,1,0,0,West
625,0,0,0,2.714,0,0.471,120359.4,43,1,1,1,South
626,0,0,0,1.446,0,0.555,67442.7,57,1,1,0,South
627,0,0,0,0.9,0,0.302,46172.3,59,1,1,0,South
628,0,0,0,0.6,0,0.517,140851.6,45,1,1,3,South
629,0,0,0,2.995,0,0.326,178676.6,62,1,0,0,MW
630,0,0,0,3.671,0,0.877,10375.8,32,1,1,2,West
631,0,0,0,1.445,0,0.334,100645.3,51,1,1,0,West
632,0,0,0,0.72,0,0.081,134885.5,65,1,0,0,West
633,0,0,1,0,0.13,0.54,72630.7,35,1,0,0,South
634,0,1,1,0,0.149,0.731,21477.9,69,1,1,0,South
635,0,0,0,0.362,0,0.552,31127.4,55,1,1,0,NE
636,0,0,0,0.602,0,0.43,58934.6,50,1,0,0,South
637,1,0,0,2.434,0,0.627,15252.4,55,1,0,0,NE
638,0,0,0,1,0,0.161,197140.3,36,1,1,4,NE
639,0,0,0,0.465,0,0.043,184689.4,81,1,0,0,NE
640,0,0,0,0.981,0,0.317,111165.4,54,1,1,0,South
641,0,0,0,1.189,0,0.329,120359.4,54,1,0,0,South
642,0,0,0,1.369,0,0.354,98673.9,46,0,1,0,South
643,0,0,0,1.165,0,0.452,28222.2,51,1,0,0,South
644,0,0,0,0.813,0,0.155,197347.8,49,1,1,0,South
645,1,0,0,2.713,0,0.333,135923.1,32,1,1,0,NE
646,0,1,1,0,0.31,0.588,24279.4,30,1,0,0,NE
647,0,0,1,0,0.33,0.569,15356.2,27,1,1,0,NE
648,0,0,0,2.748,0,0.324,81657.6,44,1,0,1,MW
649,0,1,0,0,0.065,0.201,70036.7,32,1,1,1,South
650,1,0,0,0.438,0,0.477,107908.4,27,1,1,0,South
651,0,0,0,0.867,0,0.608,40465.6,31,1,1,0,South
652,0,0,0,1.709,0,0.677,15667.5,60,1,1,0,West
653,0,0,0,1.267,0,0.489,37352.9,61,1,1,0,West
654,0,0,0,0.518,0,0.304,100645.3,59,1,1,0,West
655,0,0,0,0.882,0,0.229,126584.8,62,1,1,0,MW
656,1,0,1,4.721,0,0.41,63707.5,33,1,1,2,South
657,0,0,0,3.25,0,0.654,23864.4,46,1,1,1,West
658,0,0,0,0.393,0,0.668,34240.2,48,1,1,1,West
659,0,0,0,3.52,0,0.592,36937.9,39,1,1,2,West
660,0,0,0,3,0,0.619,41503.2,36,1,1,0,West
661,0,0,1,0,0.886,0.563,21789.2,76,1,1,0,West
662,0,0,0,2.933,0,0.492,58312,53,0,0,0,South
663,0,0,0,2.318,0,0.474,112577.5,32,1,1,1,South
664,0,0,0,3.649,0,0.728,15563.7,47,1,0,0,NE
665,0,0,1,0,0.089,0.269,47728.7,53,1,1,0,South
666,0,0,0,2,0,0.424,105314.4,41,1,1,2,MW
667,0,1,0,0,0.884,0.689,41607,39,1,1,4,MW
668,1,0,0,1.412,0,0.429,111591.8,36,1,1,2,West
669,0,1,1,0,0.581,0.462,29052.3,23,1,0,0,West
670,0,0,1,0,0.146,0.678,10739,24,1,0,0,West
671,0,0,0,1.601,0,0.671,24901.9,39,1,1,1,West
672,0,1,1,0,0.119,0.72,11413.4,29,1,1,3,West
673,0,0,1,0,0.292,0.126,22826.8,92,1,0,0,West
674,0,0,0,3.194,0,0.413,65367.6,34,1,1,0,West
675,0,0,0,1.639,0,0.294,147336.5,36,1,1,2,West
676,0,0,0,2.034,0,0.114,80594.1,27,0,0,0,South
677,0,0,0,0.672,0,0.269,105314.4,54,1,0,0,NE
678,0,0,0,1.277,0,0.471,110502.3,36,1,1,2,NE
679,0,0,1,0,0.178,0.401,15667.5,57,1,0,0,NE
680,0,0,0,3.171,0,0.72,32165,61,1,1,0,South
681,0,1,1,0,0.928,0.845,10375.8,31,1,1,3,NE
682,0,0,0,2.778,0,0.635,31127.4,30,1,1,2,West
683,0,0,0,1.19,0,0.436,93382.3,52,1,1,0,West
684,0,0,0,2.4,0,0.208,26986.4,83,1,1,0,NE
685,0,0,0,1.321,0,0.452,51152.7,54,1,1,0,NE
686,0,0,0,4.8,0,0.476,62254.8,42,1,1,1,NE
687,0,0,1,0,0.325,0.737,19402.8,30,1,0,0,MW
688,0,0,0,1.45,0,0.458,64848.8,30,1,1,2,NE
689,0,0,1,0,0.29,0.757,11932.2,68,0,0,0,South
690,0,0,0,1.565,0,0.241,166012.9,54,1,1,1,MW
691,0,0,0,1.579,0,0.602,41192,42,1,1,1,NE
692,1,0,0,1.06,0,0.285,162900.1,28,1,1,3,MW
693,1,0,1,3.094,0,0.515,59142.1,27,1,1,2,MW
694,1,0,0,2.009,0,0.431,124509.7,40,1,1,5,NE
695,0,0,0,0.467,0,0.368,69206.6,32,1,1,1,South
696,0,0,0,0.763,0,0.127,142667.3,65,1,0,0,South
697,0,0,0,1.569,0,0.717,37767.9,46,1,1,0,South
698,0,0,0,0.196,0,0.337,138932,60,1,1,0,South
699,0,0,0,0.918,0,0.292,99089,35,1,0,0,South
700,0,0,0,3.125,0,0.604,20440.3,38,1,0,1,South
701,0,0,0,2.476,0,0.197,179501.5,45,1,0,1,NE
702,0,1,1,0,0.153,0.53,47936.2,28,1,0,0,NE
703,0,0,0,0.805,0,0.191,173276,52,1,0,0,West
704,0,0,0,4.412,0,0.604,47728.7,52,1,1,0,West
705,0,0,0,0.625,0,0.176,164664,58,1,0,0,West
706,0,0,0,0.639,0,0.369,31257.1,57,0,1,0,South
707,1,0,1,4.8,0,0.22,35900.3,26,1,0,0,West
708,0,0,0,1.33,0,0.484,69517.9,31,1,1,1,West
709,0,0,0,0.792,0,0.139,138517,64,1,1,0,NE
710,0,0,0,0.872,0,0.236,162381.4,52,1,1,0,South
711,1,0,1,1.527,0,0.376,114030.1,39,1,1,2,South
712,0,0,0,2.035,0,0.505,68480.3,37,1,1,1,South
713,0,0,0,0.878,0,0.272,121085.7,56,1,1,2,South
714,0,0,0,1.905,0,0.556,172757.2,64,1,1,0,South
715,0,0,0,1.485,0,0.198,199215.5,45,1,1,0,South
716,0,0,0,1.139,0,0.304,171719.6,43,1,1,2,NE
717,0,0,0,3.247,0,0.355,85701,46,1,1,2,NE
718,0,1,1,0,0.274,0.66,11932.2,60,1,0,0,West
719,0,0,0,2.721,0,0.508,84459.1,31,1,1,1,West
720,0,1,0,0,0.293,0.614,84044,39,1,1,0,MW
721,0,0,0,0.464,0,0.512,66924,33,1,1,0,NE
722,0,0,0,1.302,0,0.311,109983.5,56,1,1,0,West
723,0,0,1,1.865,0,0.816,11828.4,32,1,1,3,West
724,0,1,0,0,0.082,0.25,183911.2,50,1,1,0,South
725,1,0,0,3.137,0,0.545,43993.4,28,1,1,2,South
726,0,0,1,0,0.158,0.674,15875,27,1,1,2,South
727,1,0,0,0.273,0,0.067,156432.9,39,1,0,0,South
728,0,0,1,0,0.643,0.775,10583.3,34,0,0,0,MW
729,0,0,0,1.618,0,0.218,171200.8,67,1,1,0,West
730,0,0,0,2.714,0,0.485,78856.1,39,1,1,2,West
731,0,0,0,1.184,0,0.709,32165,32,1,1,3,West
732,0,0,0,2.363,0,0.22,89231.9,35,1,1,1,MW
733,1,0,0,0.734,0,0.265,91307.1,33,1,1,0,West
734,0,0,0,0.53,0,0.38,145572.6,60,1,1,0,West
735,0,0,0,2.361,0,0.481,39428.1,31,1,1,3,West
736,1,0,1,0.55,0,0.263,156674.7,29,1,0,0,West
737,0,0,0,0.577,0,0.49,118284.2,25,1,1,0,West
738,0,0,1,0,0.136,0.438,12451,44,1,0,0,South
739,0,0,0,1.009,0,0.376,96028.1,45,1,1,0,South
740,0,0,1,0,0.472,0.815,10790.8,28,1,1,3,West
741,0,0,0,1.364,0,0.351,125132.2,51,1,1,0,West
742,0,0,0,1,0,0.543,30089.8,27,1,1,3,West
743,0,0,0,3.056,0,0.477,83732.8,36,0,1,2,South
744,0,0,0,1.715,0,0.455,67131.5,47,1,0,2,West
745,0,1,1,0,0.125,0.154,46691.1,25,1,0,0,West
746,0,0,0,2.358,0,0.358,177426.3,55,1,1,0,West
747,0,0,0,1.325,0,0.651,18884,35,1,1,3,West
748,0,0,0,1.495,0,0.479,46172.3,29,1,0,0,South
749,0,0,0,2.308,0,0.29,149432.4,34,1,1,2,South
750,0,0,0,0.27,0,0.226,77507.3,51,1,1,0,South
751,0,0,0,2.011,0,0.655,49803.9,39,1,1,1,South
752,0,0,0,4.167,0,0.59,15978.7,39,0,0,1,South
753,0,1,1,0,0.1,0.603,22826.8,29,1,1,1,MW
754,0,1,1,0,0.052,0.676,23449.3,30,0,1,1,South
755,0,0,0,1.259,0,0.197,118284.2,65,1,1,0,West
756,0,0,0,1.006,0,0.373,106870.8,32,1,1,1,West
757,1,0,0,1.667,0,0.264,113096.3,31,1,1,0,West
758,0,0,0,2.632,0,0.445,135923.1,45,1,1,3,West
759,0,0,0,1.302,0,0.182,143289.9,49,0,1,2,South
760,0,0,0,2.682,0,0.643,62254.8,51,0,1,1,West
761,0,0,0,1.619,0,0.272,53435.4,62,1,1,0,West
762,0,0,0,0.888,0,0.19,170682,41,1,1,0,MW