town,num_tested,num_0_4,pct_0_4,num_5,pct_5,num_10,ct_10,num_15,pct_15,num_20,pct_20
ANDOVER,30,30,100,0,0,0,0,0,0,0,0
ANSONIA,519,491,94.6,28,5.4,7,1.3,4,0.8,3,0.6
ASHFORD,71,71,100,0,0,0,0,0,0,0,0
AVON,261,258,98.9,3,1.1,1,0.4,1,0.4,0,0
BARKHAMSTED,38,37,97.4,1,2.6,0,0,0,0,0,0
BEACON FALLS,79,78,98.7,1,1.3,1,1.3,0,0,0,0
BERLIN,231,228,98.7,3,1.3,2,0.9,0,0,0,0
BETHANY,57,56,98.2,1,1.8,0,0,0,0,0,0
BETHEL,302,299,99,3,1,1,0.3,1,0.3,1,0.3
BETHLEHEM,45,45,100,0,0,0,0,0,0,0,0
BLOOMFIELD,329,327,99.4,2,0.6,0,0,0,0,0,0
BOLTON,60,59,98.3,1,1.7,0,0,0,0,0,0
BOZRAH,22,21,95.5,1,4.5,0,0,0,0,0,0
BRANFORD,382,378,99,4,1,2,0.5,2,0.5,2,0.5
BRIDGEPORT,6086,5794,95.2,292,4.8,72,1.2,29,0.5,17,0.3
BRIDGEWATER,13,11,84.6,2,15,1,7.7,0,0,0,0
BRISTOL,1148,1118,97.4,30,2.6,11,1,6,0.5,3,0.3
BROOKFIELD,220,220,100,0,0,0,0,0,0,0,0
BROOKLYN,121,115,95,6,4.9,2,1.7,0,0,0,0
BURLINGTON,128,127,99.2,1,0.8,1,0.8,0,0,0,0
CANAAN,12,11,91.7,1,8.3,0,0,0,0,0,0
CANTERBURY,72,72,100,0,0,0,0,0,0,0,0
CANTON,118,116,98.3,2,1.7,1,0.8,0,0,0,0
CHAPLIN,25,25,100,0,0,0,0,0,0,0,0
CHESHIRE,348,347,99.7,1,0.3,1,0.3,0,0,0,0
CHESTER,52,50,96.2,2,3.8,0,0,0,0,0,0
CLINTON,171,171,100,0,0,0,0,0,0,0,0
COLCHESTER,143,142,99.3,1,0.7,1,0.7,0,0,0,0
COLEBROOK,10,10,100,0,0,0,0,0,0,0,0
COLUMBIA,51,50,98,1,2,0,0,0,0,0,0
CORNWALL,11,11,100,0,0,0,0,0,0,0,0
COVENTRY,211,207,98.1,4,1.9,0,0,0,0,0,0
CROMWELL,261,260,99.6,1,0.4,0,0,0,0,0,0
DANBURY,2164,2117,97.8,47,2.2,11,0.5,4,0.2,2,0.1
DARIEN,450,450,100,0,0,0,0,0,0,0,0
DEEP RIVER,53,52,98.1,1,1.9,0,0,0,0,0,0
DERBY,253,242,95.7,11,4.3,2,0.8,0,0,0,0
DURHAM,97,97,100,0,0,0,0,0,0,0,0
EAST GRANBY,78,76,97.4,2,2.5,2,2.6,0,0,0,0
EAST HADDAM,123,121,98.4,2,1.6,1,0.8,1,0.8,1,0.8
EAST HAMPTON,192,191,99.5,1,0.5,0,0,0,0,0,0
EAST HARTFORD,1229,1203,97.9,26,2.1,9,0.7,5,0.4,3,0.2
EAST HAVEN,493,485,98.4,8,1.6,2,0.4,0,0,0,0
EAST LYME,241,239,99.2,2,0.8,0,0,0,0,0,0
EAST WINDSOR,194,185,95.4,9,4.6,1,0.5,0,0,0,0
EASTFORD,18,17,94.4,1,5.6,0,0,0,0,0,0
EASTON,88,88,100,0,0,0,0,0,0,0,0
ELLINGTON,261,256,98.1,5,1.9,2,0.8,1,0.4,1,0.4
ENFIELD,660,646,97.9,14,2.1,2,0.3,2,0.3,0,0
ESSEX,61,60,98.4,1,1.6,0,0,0,0,0,0
FAIRFIELD,1061,1056,99.5,5,0.5,1,0.1,0,0,0,0
FARMINGTON,394,392,99.5,2,0.5,0,0,0,0,0,0
FRANKLIN,23,23,100,0,0,0,0,0,0,0,0
GLASTONBURY,432,428,99.1,4,0.9,1,0.2,1,0.2,1,0.2
GOSHEN,30,30,100,0,0,0,0,0,0,0,0
GRANBY,113,113,100,0,0,0,0,0,0,0,0
GREENWICH,1016,1011,99.5,5,0.5,0,0,0,0,0,0
GRISWOLD,187,185,98.9,2,1.1,0,0,0,0,0,0
GROTON,1063,1052,99,11,1,1,0.1,0,0,0,0
GUILFORD,183,182,99.5,1,0.5,0,0,0,0,0,0
HADDAM,112,107,95.5,5,4.4,0,0,0,0,0,0
HAMDEN,950,917,96.5,33,3.5,9,0.9,4,0.4,3,0.3
HAMPTON,31,30,96.8,1,3.1,1,3.2,0,0,0,0
HARTFORD,4851,4687,96.6,164,3.4,43,0.9,19,0.4,9,0.2
HARTLAND,21,21,100,0,0,0,0,0,0,0,0
HARWINTON,68,66,97.1,2,2.9,1,1.5,0,0,0,0
HEBRON,95,94,98.9,1,1.1,0,0,0,0,0,0
KENT,27,25,92.6,2,7.1,0,0,0,0,0,0
KILLINGLY,340,324,95.3,16,4.7,3,0.9,1,0.3,0,0
KILLINGWORTH,67,66,98.5,1,1.5,0,0,0,0,0,0
LEBANON,69,67,97.1,2,2.9,0,0,0,0,0,0
LEDYARD,316,315,99.7,1,0.3,0,0,0,0,0,0
LISBON,32,32,100,0,0,0,0,0,0,0,0
LITCHFIELD,92,89,96.7,3,3.2,0,0,0,0,0,0
LYME,15,15,100,0,0,0,0,0,0,0,0
MADISON,181,181,100,0,0,0,0,0,0,0,0
MANCHESTER,1444,1391,96.3,53,3.7,16,1.1,7,0.5,3,0.2
MANSFIELD,124,120,96.8,4,3.2,1,0.8,1,0.8,1,0.8
MARLBOROUGH,71,71,100,0,0,0,0,0,0,0,0
MERIDEN,1891,1816,96,75,3.9,24,1.3,11,0.6,9,0.5
MIDDLEBURY,134,134,100,0,0,0,0,0,0,0,0
MIDDLEFIELD,48,48,100,0,0,0,0,0,0,0,0
MIDDLETOWN,906,886,97.8,20,2.2,7,0.8,2,0.2,1,0.1
MILFORD,920,914,99.3,6,0.7,1,0.1,1,0.1,0,0
MONROE,295,294,99.7,1,0.3,0,0,0,0,0,0
MONTVILLE,269,266,98.9,3,1.1,0,0,0,0,0,0
MORRIS,31,31,100,0,0,0,0,0,0,0,0
NAUGATUCK,722,701,97.1,21,2.9,3,0.4,2,0.3,2,0.3
NEW BRITAIN,2634,2564,97.3,70,2.6,19,0.7,10,0.4,9,0.3
NEW CANAAN,338,337,99.7,1,0.3,1,0.3,0,0,0,0
NEW FAIRFIELD,197,197,100,0,0,0,0,0,0,0,0
NEW HARTFORD,70,70,100,0,0,0,0,0,0,0,0
NEW HAVEN,4398,4059,92.3,339,7.6,93,2.1,37,0.8,19,0.4
NEW LONDON,815,777,95.3,38,4.6,5,0.6,2,0.2,2,0.2
NEW MILFORD,439,428,97.5,11,2.5,2,0.5,0,0,0,0
NEWINGTON,394,392,99.5,2,0.5,0,0,0,0,0,0
NEWTOWN,274,272,99.3,2,0.7,0,0,0,0,0,0
NORFOLK,17,17,100,0,0,0,0,0,0,0,0
NORTH BRANFORD,196,196,100,0,0,0,0,0,0,0,0
NORTH CANAAN,32,28,87.5,4,12,1,3.1,0,0,0,0
NORTH HAVEN,321,316,98.4,5,1.6,0,0,0,0,0,0
NORTH STONINGTON,67,67,100,0,0,0,0,0,0,0,0
NORWALK,2217,2183,98.5,34,1.5,10,0.5,8,0.4,3,0.1
NORWICH,929,877,94.4,52,5.6,11,1.2,3,0.3,3,0.3
OLD LYME,84,83,98.8,1,1.2,0,0,0,0,0,0
OLD SAYBROOK,118,118,100,0,0,0,0,0,0,0,0
ORANGE,214,212,99.1,2,0.9,0,0,0,0,0,0
OXFORD,180,179,99.4,1,0.6,0,0,0,0,0,0
PLAINFIELD,270,256,94.8,14,5.2,7,2.6,3,1.1,2,0.7
PLAINVILLE,258,258,100,0,0,0,0,0,0,0,0
PLYMOUTH,174,170,97.7,4,2.3,1,0.6,0,0,0,0
POMFRET,64,63,98.4,1,1.6,0,0,0,0,0,0
PORTLAND,139,139,100,0,0,0,0,0,0,0,0
PRESTON,44,43,97.7,1,2.3,0,0,0,0,0,0
PROSPECT,133,132,99.2,1,0.8,1,0.8,1,0.8,1,0.8
PUTNAM,195,187,95.9,8,4.1,3,1.5,2,1,1,0.5
REDDING,104,104,100,0,0,0,0,0,0,0,0
RIDGEFIELD,391,386,98.7,5,1.3,2,0.5,0,0,0,0
ROCKY HILL,424,418,98.6,6,1.4,1,0.2,1,0.2,1,0.2
ROXBURY,14,14,100,0,0,0,0,0,0,0,0
SALEM,57,56,98.2,1,1.8,0,0,0,0,0,0
SALISBURY,16,15,93.8,1,6.3,0,0,0,0,0,0
SCOTLAND,6,6,100,0,0,0,0,0,0,0,0
SEYMOUR,325,318,97.8,7,2.1,3,0.9,3,0.9,1,0.3
SHARON,15,14,93.3,1,6.7,0,0,0,0,0,0
SHELTON,665,660,99.2,5,0.7,0,0,0,0,0,0
SHERMAN,33,33,100,0,0,0,0,0,0,0,0
SIMSBURY,240,237,98.8,3,1.2,1,0.4,1,0.4,1,0.4
SOMERS,109,105,96.3,4,3.6,1,0.9,0,0,0,0
SOUTH WINDSOR,334,332,99.4,2,0.6,0,0,0,0,0,0
SOUTHBURY,206,205,99.5,1,0.5,1,0.5,0,0,0,0
SOUTHINGTON,599,598,99.8,1,0.2,0,0,0,0,0,0
SPRAGUE,62,60,96.8,2,3.2,0,0,0,0,0,0
STAFFORD,185,175,94.6,10,5.4,3,1.6,0,0,0,0
STAMFORD,3590,3542,98.7,48,1.3,13,0.4,7,0.2,6,0.2
STERLING,58,55,94.8,3,5.2,0,0,0,0,0,0
STONINGTON,216,213,98.6,3,1.4,1,0.5,0,0,0,0
STRATFORD,1120,1111,99.2,9,0.8,3,0.3,1,0.1,0,0
SUFFIELD,185,184,99.5,1,0.5,1,0.5,0,0,0,0
THOMASTON,139,136,97.8,3,2.2,1,0.7,0,0,0,0
THOMPSON,164,160,97.6,4,2.4,1,0.6,0,0,0,0
TOLLAND,202,201,99.5,1,0.5,0,0,0,0,0,0
TORRINGTON,725,687,94.8,38,5.1,8,1.1,2,0.3,1,0.1
TRUMBULL,608,606,99.7,2,0.3,0,0,0,0,0,0
UNION,3,3,100,0,0,0,0,0,0,0,0
VERNON,665,644,96.8,21,3.1,6,0.9,3,0.5,0,0
VOLUNTOWN,24,24,100,0,0,0,0,0,0,0,0
WALLINGFORD,753,741,98.4,12,1.6,4,0.5,2,0.3,1,0.1
WARREN,7,7,100,0,0,0,0,0,0,0,0
WASHINGTON,38,36,94.7,2,5.1,0,0,0,0,0,0
WATERBURY,4177,3895,93.2,282,6.7,60,1.4,27,0.6,7,0.2
WATERFORD,230,228,99.1,2,0.9,0,0,0,0,0,0
WATERTOWN,380,380,100,0,0,0,0,0,0,0,0
WEST HARTFORD,1139,1130,99.2,9,0.8,1,0.1,1,0.1,1,0.1
WEST HAVEN,1321,1282,97,39,2.9,8,0.6,6,0.5,4,0.3
WESTBROOK,70,68,97.1,2,2.9,1,1.4,0,0,0,0
WESTON,111,111,100,0,0,0,0,0,0,0,0
WESTPORT,394,394,100,0,0,0,0,0,0,0,0
WETHERSFIELD,429,422,98.4,7,1.6,3,0.7,3,0.7,0,0
WILLINGTON,81,79,97.5,2,2.4,0,0,0,0,0,0
WILTON,267,267,100,0,0,0,0,0,0,0,0
WINCHESTER,180,163,90.6,17,9.2,6,3.3,2,1.1,0,0
WINDHAM,489,459,93.9,30,6.1,11,2.2,1,0.2,1,0.2
WINDSOR,430,425,98.8,5,1.2,2,0.5,1,0.2,0,0
WINDSOR LOCKS,189,188,99.5,1,0.5,0,0,0,0,0,0
WOLCOTT,257,256,99.6,1,0.4,0,0,0,0,0,0
WOODBRIDGE,115,114,99.1,1,0.9,0,0,0,0,0,0
WOODBURY,101,99,98,2,2,2,2,1,1,0,0
WOODSTOCK,122,119,97.5,3,2.4,1,0.8,0,0,0,0
,,,,,,,,,,,