[
    {
        "target": "401",
        "datapoints": [
            [
                283,
                1432495800
            ],
            [
                2462,
                1432495860
            ],
            [
                549,
                1432495920
            ],
            [
                430,
                1432495980
            ],
            [
                516,
                1432496040
            ],
            [
                219,
                1432496100
            ],
            [
                490,
                1432496160
            ],
            [
                201,
                1432496220
            ],
            [
                231,
                1432496280
            ],
            [
                335,
                1432496340
            ],
            [
                268,
                1432496400
            ],
            [
                131,
                1432496460
            ],
            [
                193,
                1432496520
            ],
            [
                138,
                1432496580
            ],
            [
                208,
                1432496640
            ],
            [
                179,
                1432496700
            ],
            [
                141,
                1432496760
            ],
            [
                230,
                1432496820
            ],
            [
                147,
                1432496880
            ],
            [
                513,
                1432496940
            ],
            [
                190,
                1432497000
            ],
            [
                111,
                1432497060
            ],
            [
                164,
                1432497120
            ],
            [
                116,
                1432497180
            ],
            [
                116,
                1432497240
            ],
            [
                141,
                1432497300
            ],
            [
                327,
                1432497360
            ],
            [
                243,
                1432497420
            ],
            [
                144,
                1432497480
            ],
            [
                163,
                1432497540
            ],
            [
                211,
                1432497600
            ],
            [
                252,
                1432497660
            ],
            [
                152,
                1432497720
            ],
            [
                146,
                1432497780
            ],
            [
                639,
                1432497840
            ],
            [
                199,
                1432497900
            ],
            [
                295,
                1432497960
            ],
            [
                236,
                1432498020
            ],
            [
                238,
                1432498080
            ],
            [
                410,
                1432498140
            ],
            [
                421,
                1432498200
            ],
            [
                307,
                1432498260
            ],
            [
                171,
                1432498320
            ],
            [
                267,
                1432498380
            ],
            [
                212,
                1432498440
            ],
            [
                201,
                1432498500
            ],
            [
                480,
                1432498560
            ],
            [
                171,
                1432498620
            ],
            [
                170,
                1432498680
            ],
            [
                120,
                1432498740
            ],
            [
                133,
                1432498800
            ],
            [
                92,
                1432498860
            ],
            [
                124,
                1432498920
            ],
            [
                87,
                1432498980
            ],
            [
                138,
                1432499040
            ],
            [
                245,
                1432499100
            ],
            [
                206,
                1432499160
            ],
            [
                99,
                1432499220
            ],
            [
                0,
                1432499280
            ],
            [
                0,
                1432499340
            ],
            [
                0,
                1432499400
            ]
        ]
    },
    {
        "target": "400",
        "datapoints": [
            [
                0,
                1432495800
            ],
            [
                0,
                1432495860
            ],
            [
                0,
                1432495920
            ],
            [
                0,
                1432495980
            ],
            [
                0,
                1432496040
            ],
            [
                0,
                1432496100
            ],
            [
                0,
                1432496160
            ],
            [
                1,
                1432496220
            ],
            [
                0,
                1432496280
            ],
            [
                0,
                1432496340
            ],
            [
                0,
                1432496400
            ],
            [
                0,
                1432496460
            ],
            [
                0,
                1432496520
            ],
            [
                0,
                1432496580
            ],
            [
                0,
                1432496640
            ],
            [
                0,
                1432496700
            ],
            [
                0,
                1432496760
            ],
            [
                0,
                1432496820
            ],
            [
                0,
                1432496880
            ],
            [
                0,
                1432496940
            ],
            [
                0,
                1432497000
            ],
            [
                1,
                1432497060
            ],
            [
                0,
                1432497120
            ],
            [
                0,
                1432497180
            ],
            [
                0,
                1432497240
            ],
            [
                0,
                1432497300
            ],
            [
                0,
                1432497360
            ],
            [
                0,
                1432497420
            ],
            [
                0,
                1432497480
            ],
            [
                0,
                1432497540
            ],
            [
                0,
                1432497600
            ],
            [
                0,
                1432497660
            ],
            [
                0,
                1432497720
            ],
            [
                0,
                1432497780
            ],
            [
                0,
                1432497840
            ],
            [
                0,
                1432497900
            ],
            [
                0,
                1432497960
            ],
            [
                0,
                1432498020
            ],
            [
                0,
                1432498080
            ],
            [
                0,
                1432498140
            ],
            [
                0,
                1432498200
            ],
            [
                0,
                1432498260
            ],
            [
                0,
                1432498320
            ],
            [
                0,
                1432498380
            ],
            [
                0,
                1432498440
            ],
            [
                0,
                1432498500
            ],
            [
                0,
                1432498560
            ],
            [
                0,
                1432498620
            ],
            [
                0,
                1432498680
            ],
            [
                0,
                1432498740
            ],
            [
                0,
                1432498800
            ],
            [
                0,
                1432498860
            ],
            [
                0,
                1432498920
            ],
            [
                1,
                1432498980
            ],
            [
                0,
                1432499040
            ],
            [
                0,
                1432499100
            ],
            [
                0,
                1432499160
            ],
            [
                0,
                1432499220
            ],
            [
                0,
                1432499280
            ],
            [
                0,
                1432499340
            ],
            [
                0,
                1432499400
            ]
        ]
    },
    {
        "target": "429",
        "datapoints": [
            [
                1,
                1432495800
            ],
            [
                25,
                1432495860
            ],
            [
                7,
                1432495920
            ],
            [
                2,
                1432495980
            ],
            [
                6,
                1432496040
            ],
            [
                0,
                1432496100
            ],
            [
                6,
                1432496160
            ],
            [
                6,
                1432496220
            ],
            [
                3,
                1432496280
            ],
            [
                4,
                1432496340
            ],
            [
                0,
                1432496400
            ],
            [
                2,
                1432496460
            ],
            [
                1,
                1432496520
            ],
            [
                1,
                1432496580
            ],
            [
                2,
                1432496640
            ],
            [
                5,
                1432496700
            ],
            [
                3,
                1432496760
            ],
            [
                5,
                1432496820
            ],
            [
                3,
                1432496880
            ],
            [
                27,
                1432496940
            ],
            [
                25,
                1432497000
            ],
            [
                4,
                1432497060
            ],
            [
                4,
                1432497120
            ],
            [
                3,
                1432497180
            ],
            [
                5,
                1432497240
            ],
            [
                12,
                1432497300
            ],
            [
                25,
                1432497360
            ],
            [
                12,
                1432497420
            ],
            [
                10,
                1432497480
            ],
            [
                12,
                1432497540
            ],
            [
                7,
                1432497600
            ],
            [
                5,
                1432497660
            ],
            [
                0,
                1432497720
            ],
            [
                3,
                1432497780
            ],
            [
                2,
                1432497840
            ],
            [
                2,
                1432497900
            ],
            [
                5,
                1432497960
            ],
            [
                4,
                1432498020
            ],
            [
                0,
                1432498080
            ],
            [
                4,
                1432498140
            ],
            [
                8,
                1432498200
            ],
            [
                4,
                1432498260
            ],
            [
                3,
                1432498320
            ],
            [
                5,
                1432498380
            ],
            [
                4,
                1432498440
            ],
            [
                0,
                1432498500
            ],
            [
                9,
                1432498560
            ],
            [
                1,
                1432498620
            ],
            [
                1,
                1432498680
            ],
            [
                0,
                1432498740
            ],
            [
                1,
                1432498800
            ],
            [
                0,
                1432498860
            ],
            [
                1,
                1432498920
            ],
            [
                1,
                1432498980
            ],
            [
                0,
                1432499040
            ],
            [
                2,
                1432499100
            ],
            [
                6,
                1432499160
            ],
            [
                1,
                1432499220
            ],
            [
                0,
                1432499280
            ],
            [
                0,
                1432499340
            ],
            [
                0,
                1432499400
            ]
        ]
    },
    {
        "target": "304",
        "datapoints": [
            [
                30,
                1432495800
            ],
            [
                310,
                1432495860
            ],
            [
                46,
                1432495920
            ],
            [
                82,
                1432495980
            ],
            [
                87,
                1432496040
            ],
            [
                45,
                1432496100
            ],
            [
                92,
                1432496160
            ],
            [
                21,
                1432496220
            ],
            [
                32,
                1432496280
            ],
            [
                57,
                1432496340
            ],
            [
                55,
                1432496400
            ],
            [
                15,
                1432496460
            ],
            [
                44,
                1432496520
            ],
            [
                23,
                1432496580
            ],
            [
                23,
                1432496640
            ],
            [
                33,
                1432496700
            ],
            [
                24,
                1432496760
            ],
            [
                48,
                1432496820
            ],
            [
                13,
                1432496880
            ],
            [
                90,
                1432496940
            ],
            [
                59,
                1432497000
            ],
            [
                26,
                1432497060
            ],
            [
                31,
                1432497120
            ],
            [
                19,
                1432497180
            ],
            [
                48,
                1432497240
            ],
            [
                32,
                1432497300
            ],
            [
                72,
                1432497360
            ],
            [
                68,
                1432497420
            ],
            [
                14,
                1432497480
            ],
            [
                40,
                1432497540
            ],
            [
                31,
                1432497600
            ],
            [
                67,
                1432497660
            ],
            [
                34,
                1432497720
            ],
            [
                85,
                1432497780
            ],
            [
                163,
                1432497840
            ],
            [
                30,
                1432497900
            ],
            [
                99,
                1432497960
            ],
            [
                46,
                1432498020
            ],
            [
                45,
                1432498080
            ],
            [
                198,
                1432498140
            ],
            [
                108,
                1432498200
            ],
            [
                81,
                1432498260
            ],
            [
                38,
                1432498320
            ],
            [
                92,
                1432498380
            ],
            [
                63,
                1432498440
            ],
            [
                64,
                1432498500
            ],
            [
                151,
                1432498560
            ],
            [
                60,
                1432498620
            ],
            [
                46,
                1432498680
            ],
            [
                31,
                1432498740
            ],
            [
                33,
                1432498800
            ],
            [
                21,
                1432498860
            ],
            [
                51,
                1432498920
            ],
            [
                31,
                1432498980
            ],
            [
                44,
                1432499040
            ],
            [
                66,
                1432499100
            ],
            [
                46,
                1432499160
            ],
            [
                37,
                1432499220
            ],
            [
                0,
                1432499280
            ],
            [
                0,
                1432499340
            ],
            [
                0,
                1432499400
            ]
        ]
    },
    {
        "target": "201",
        "datapoints": [
            [
                0,
                1432495800
            ],
            [
                5,
                1432495860
            ],
            [
                1,
                1432495920
            ],
            [
                3,
                1432495980
            ],
            [
                1,
                1432496040
            ],
            [
                1,
                1432496100
            ],
            [
                1,
                1432496160
            ],
            [
                0,
                1432496220
            ],
            [
                3,
                1432496280
            ],
            [
                4,
                1432496340
            ],
            [
                1,
                1432496400
            ],
            [
                0,
                1432496460
            ],
            [
                3,
                1432496520
            ],
            [
                0,
                1432496580
            ],
            [
                0,
                1432496640
            ],
            [
                0,
                1432496700
            ],
            [
                0,
                1432496760
            ],
            [
                0,
                1432496820
            ],
            [
                1,
                1432496880
            ],
            [
                4,
                1432496940
            ],
            [
                1,
                1432497000
            ],
            [
                0,
                1432497060
            ],
            [
                2,
                1432497120
            ],
            [
                1,
                1432497180
            ],
            [
                4,
                1432497240
            ],
            [
                1,
                1432497300
            ],
            [
                0,
                1432497360
            ],
            [
                2,
                1432497420
            ],
            [
                0,
                1432497480
            ],
            [
                2,
                1432497540
            ],
            [
                2,
                1432497600
            ],
            [
                0,
                1432497660
            ],
            [
                1,
                1432497720
            ],
            [
                2,
                1432497780
            ],
            [
                1,
                1432497840
            ],
            [
                2,
                1432497900
            ],
            [
                1,
                1432497960
            ],
            [
                1,
                1432498020
            ],
            [
                0,
                1432498080
            ],
            [
                2,
                1432498140
            ],
            [
                7,
                1432498200
            ],
            [
                1,
                1432498260
            ],
            [
                1,
                1432498320
            ],
            [
                0,
                1432498380
            ],
            [
                2,
                1432498440
            ],
            [
                0,
                1432498500
            ],
            [
                1,
                1432498560
            ],
            [
                2,
                1432498620
            ],
            [
                1,
                1432498680
            ],
            [
                2,
                1432498740
            ],
            [
                1,
                1432498800
            ],
            [
                0,
                1432498860
            ],
            [
                3,
                1432498920
            ],
            [
                2,
                1432498980
            ],
            [
                2,
                1432499040
            ],
            [
                1,
                1432499100
            ],
            [
                3,
                1432499160
            ],
            [
                1,
                1432499220
            ],
            [
                0,
                1432499280
            ],
            [
                0,
                1432499340
            ],
            [
                0,
                1432499400
            ]
        ]
    },
    {
        "target": "409",
        "datapoints": [
            [
                0,
                1432495800
            ],
            [
                5,
                1432495860
            ],
            [
                2,
                1432495920
            ],
            [
                4,
                1432495980
            ],
            [
                2,
                1432496040
            ],
            [
                2,
                1432496100
            ],
            [
                1,
                1432496160
            ],
            [
                1,
                1432496220
            ],
            [
                2,
                1432496280
            ],
            [
                1,
                1432496340
            ],
            [
                1,
                1432496400
            ],
            [
                1,
                1432496460
            ],
            [
                1,
                1432496520
            ],
            [
                0,
                1432496580
            ],
            [
                2,
                1432496640
            ],
            [
                1,
                1432496700
            ],
            [
                1,
                1432496760
            ],
            [
                0,
                1432496820
            ],
            [
                0,
                1432496880
            ],
            [
                3,
                1432496940
            ],
            [
                0,
                1432497000
            ],
            [
                0,
                1432497060
            ],
            [
                1,
                1432497120
            ],
            [
                0,
                1432497180
            ],
            [
                3,
                1432497240
            ],
            [
                2,
                1432497300
            ],
            [
                2,
                1432497360
            ],
            [
                0,
                1432497420
            ],
            [
                0,
                1432497480
            ],
            [
                1,
                1432497540
            ],
            [
                2,
                1432497600
            ],
            [
                1,
                1432497660
            ],
            [
                2,
                1432497720
            ],
            [
                0,
                1432497780
            ],
            [
                7,
                1432497840
            ],
            [
                1,
                1432497900
            ],
            [
                2,
                1432497960
            ],
            [
                4,
                1432498020
            ],
            [
                2,
                1432498080
            ],
            [
                8,
                1432498140
            ],
            [
                3,
                1432498200
            ],
            [
                0,
                1432498260
            ],
            [
                0,
                1432498320
            ],
            [
                2,
                1432498380
            ],
            [
                0,
                1432498440
            ],
            [
                2,
                1432498500
            ],
            [
                0,
                1432498560
            ],
            [
                1,
                1432498620
            ],
            [
                2,
                1432498680
            ],
            [
                0,
                1432498740
            ],
            [
                0,
                1432498800
            ],
            [
                0,
                1432498860
            ],
            [
                0,
                1432498920
            ],
            [
                1,
                1432498980
            ],
            [
                0,
                1432499040
            ],
            [
                0,
                1432499100
            ],
            [
                0,
                1432499160
            ],
            [
                0,
                1432499220
            ],
            [
                0,
                1432499280
            ],
            [
                0,
                1432499340
            ],
            [
                0,
                1432499400
            ]
        ]
    },
    {
        "target": "204",
        "datapoints": [
            [
                4,
                1432495800
            ],
            [
                43,
                1432495860
            ],
            [
                5,
                1432495920
            ],
            [
                7,
                1432495980
            ],
            [
                7,
                1432496040
            ],
            [
                4,
                1432496100
            ],
            [
                15,
                1432496160
            ],
            [
                14,
                1432496220
            ],
            [
                7,
                1432496280
            ],
            [
                9,
                1432496340
            ],
            [
                4,
                1432496400
            ],
            [
                0,
                1432496460
            ],
            [
                3,
                1432496520
            ],
            [
                2,
                1432496580
            ],
            [
                1,
                1432496640
            ],
            [
                5,
                1432496700
            ],
            [
                4,
                1432496760
            ],
            [
                6,
                1432496820
            ],
            [
                2,
                1432496880
            ],
            [
                17,
                1432496940
            ],
            [
                3,
                1432497000
            ],
            [
                3,
                1432497060
            ],
            [
                5,
                1432497120
            ],
            [
                1,
                1432497180
            ],
            [
                8,
                1432497240
            ],
            [
                5,
                1432497300
            ],
            [
                6,
                1432497360
            ],
            [
                8,
                1432497420
            ],
            [
                7,
                1432497480
            ],
            [
                0,
                1432497540
            ],
            [
                2,
                1432497600
            ],
            [
                6,
                1432497660
            ],
            [
                1,
                1432497720
            ],
            [
                14,
                1432497780
            ],
            [
                25,
                1432497840
            ],
            [
                8,
                1432497900
            ],
            [
                9,
                1432497960
            ],
            [
                0,
                1432498020
            ],
            [
                6,
                1432498080
            ],
            [
                11,
                1432498140
            ],
            [
                10,
                1432498200
            ],
            [
                2,
                1432498260
            ],
            [
                2,
                1432498320
            ],
            [
                10,
                1432498380
            ],
            [
                3,
                1432498440
            ],
            [
                9,
                1432498500
            ],
            [
                18,
                1432498560
            ],
            [
                11,
                1432498620
            ],
            [
                1,
                1432498680
            ],
            [
                4,
                1432498740
            ],
            [
                8,
                1432498800
            ],
            [
                4,
                1432498860
            ],
            [
                2,
                1432498920
            ],
            [
                2,
                1432498980
            ],
            [
                1,
                1432499040
            ],
            [
                16,
                1432499100
            ],
            [
                0,
                1432499160
            ],
            [
                2,
                1432499220
            ],
            [
                0,
                1432499280
            ],
            [
                0,
                1432499340
            ],
            [
                0,
                1432499400
            ]
        ]
    },
    {
        "target": "503",
        "datapoints": [
            [
                0,
                1432495800
            ],
            [
                0,
                1432495860
            ],
            [
                0,
                1432495920
            ],
            [
                0,
                1432495980
            ],
            [
                0,
                1432496040
            ],
            [
                0,
                1432496100
            ],
            [
                0,
                1432496160
            ],
            [
                0,
                1432496220
            ],
            [
                0,
                1432496280
            ],
            [
                0,
                1432496340
            ],
            [
                0,
                1432496400
            ],
            [
                0,
                1432496460
            ],
            [
                0,
                1432496520
            ],
            [
                0,
                1432496580
            ],
            [
                0,
                1432496640
            ],
            [
                0,
                1432496700
            ],
            [
                0,
                1432496760
            ],
            [
                0,
                1432496820
            ],
            [
                0,
                1432496880
            ],
            [
                0,
                1432496940
            ],
            [
                0,
                1432497000
            ],
            [
                0,
                1432497060
            ],
            [
                0,
                1432497120
            ],
            [
                0,
                1432497180
            ],
            [
                0,
                1432497240
            ],
            [
                0,
                1432497300
            ],
            [
                0,
                1432497360
            ],
            [
                0,
                1432497420
            ],
            [
                0,
                1432497480
            ],
            [
                0,
                1432497540
            ],
            [
                0,
                1432497600
            ],
            [
                0,
                1432497660
            ],
            [
                0,
                1432497720
            ],
            [
                0,
                1432497780
            ],
            [
                0,
                1432497840
            ],
            [
                0,
                1432497900
            ],
            [
                0,
                1432497960
            ],
            [
                0,
                1432498020
            ],
            [
                0,
                1432498080
            ],
            [
                0,
                1432498140
            ],
            [
                0,
                1432498200
            ],
            [
                0,
                1432498260
            ],
            [
                0,
                1432498320
            ],
            [
                0,
                1432498380
            ],
            [
                0,
                1432498440
            ],
            [
                0,
                1432498500
            ],
            [
                0,
                1432498560
            ],
            [
                0,
                1432498620
            ],
            [
                0,
                1432498680
            ],
            [
                0,
                1432498740
            ],
            [
                0,
                1432498800
            ],
            [
                0,
                1432498860
            ],
            [
                0,
                1432498920
            ],
            [
                0,
                1432498980
            ],
            [
                0,
                1432499040
            ],
            [
                0,
                1432499100
            ],
            [
                0,
                1432499160
            ],
            [
                0,
                1432499220
            ],
            [
                0,
                1432499280
            ],
            [
                0,
                1432499340
            ],
            [
                0,
                1432499400
            ]
        ]
    },
    {
        "target": "200",
        "datapoints": [
            [
                130,
                1432495800
            ],
            [
                1336,
                1432495860
            ],
            [
                227,
                1432495920
            ],
            [
                339,
                1432495980
            ],
            [
                355,
                1432496040
            ],
            [
                159,
                1432496100
            ],
            [
                426,
                1432496160
            ],
            [
                121,
                1432496220
            ],
            [
                182,
                1432496280
            ],
            [
                246,
                1432496340
            ],
            [
                193,
                1432496400
            ],
            [
                103,
                1432496460
            ],
            [
                159,
                1432496520
            ],
            [
                103,
                1432496580
            ],
            [
                165,
                1432496640
            ],
            [
                161,
                1432496700
            ],
            [
                123,
                1432496760
            ],
            [
                295,
                1432496820
            ],
            [
                102,
                1432496880
            ],
            [
                495,
                1432496940
            ],
            [
                233,
                1432497000
            ],
            [
                131,
                1432497060
            ],
            [
                188,
                1432497120
            ],
            [
                106,
                1432497180
            ],
            [
                207,
                1432497240
            ],
            [
                141,
                1432497300
            ],
            [
                334,
                1432497360
            ],
            [
                226,
                1432497420
            ],
            [
                134,
                1432497480
            ],
            [
                147,
                1432497540
            ],
            [
                223,
                1432497600
            ],
            [
                305,
                1432497660
            ],
            [
                218,
                1432497720
            ],
            [
                282,
                1432497780
            ],
            [
                672,
                1432497840
            ],
            [
                192,
                1432497900
            ],
            [
                394,
                1432497960
            ],
            [
                178,
                1432498020
            ],
            [
                225,
                1432498080
            ],
            [
                641,
                1432498140
            ],
            [
                462,
                1432498200
            ],
            [
                337,
                1432498260
            ],
            [
                166,
                1432498320
            ],
            [
                361,
                1432498380
            ],
            [
                259,
                1432498440
            ],
            [
                238,
                1432498500
            ],
            [
                647,
                1432498560
            ],
            [
                169,
                1432498620
            ],
            [
                124,
                1432498680
            ],
            [
                111,
                1432498740
            ],
            [
                158,
                1432498800
            ],
            [
                125,
                1432498860
            ],
            [
                202,
                1432498920
            ],
            [
                137,
                1432498980
            ],
            [
                164,
                1432499040
            ],
            [
                296,
                1432499100
            ],
            [
                237,
                1432499160
            ],
            [
                122,
                1432499220
            ],
            [
                0,
                1432499280
            ],
            [
                0,
                1432499340
            ],
            [
                0,
                1432499400
            ]
        ]
    },
    {
        "target": "302",
        "datapoints": [
            [
                0,
                1432495800
            ],
            [
                1,
                1432495860
            ],
            [
                0,
                1432495920
            ],
            [
                0,
                1432495980
            ],
            [
                0,
                1432496040
            ],
            [
                0,
                1432496100
            ],
            [
                0,
                1432496160
            ],
            [
                0,
                1432496220
            ],
            [
                0,
                1432496280
            ],
            [
                0,
                1432496340
            ],
            [
                0,
                1432496400
            ],
            [
                0,
                1432496460
            ],
            [
                0,
                1432496520
            ],
            [
                0,
                1432496580
            ],
            [
                0,
                1432496640
            ],
            [
                0,
                1432496700
            ],
            [
                0,
                1432496760
            ],
            [
                0,
                1432496820
            ],
            [
                0,
                1432496880
            ],
            [
                0,
                1432496940
            ],
            [
                0,
                1432497000
            ],
            [
                0,
                1432497060
            ],
            [
                0,
                1432497120
            ],
            [
                0,
                1432497180
            ],
            [
                0,
                1432497240
            ],
            [
                1,
                1432497300
            ],
            [
                1,
                1432497360
            ],
            [
                0,
                1432497420
            ],
            [
                0,
                1432497480
            ],
            [
                0,
                1432497540
            ],
            [
                0,
                1432497600
            ],
            [
                0,
                1432497660
            ],
            [
                0,
                1432497720
            ],
            [
                0,
                1432497780
            ],
            [
                1,
                1432497840
            ],
            [
                0,
                1432497900
            ],
            [
                0,
                1432497960
            ],
            [
                0,
                1432498020
            ],
            [
                0,
                1432498080
            ],
            [
                0,
                1432498140
            ],
            [
                0,
                1432498200
            ],
            [
                1,
                1432498260
            ],
            [
                0,
                1432498320
            ],
            [
                0,
                1432498380
            ],
            [
                0,
                1432498440
            ],
            [
                0,
                1432498500
            ],
            [
                0,
                1432498560
            ],
            [
                0,
                1432498620
            ],
            [
                0,
                1432498680
            ],
            [
                0,
                1432498740
            ],
            [
                0,
                1432498800
            ],
            [
                0,
                1432498860
            ],
            [
                0,
                1432498920
            ],
            [
                0,
                1432498980
            ],
            [
                0,
                1432499040
            ],
            [
                0,
                1432499100
            ],
            [
                0,
                1432499160
            ],
            [
                0,
                1432499220
            ],
            [
                0,
                1432499280
            ],
            [
                0,
                1432499340
            ],
            [
                0,
                1432499400
            ]
        ]
    },
    {
        "target": "500",
        "datapoints": [
            [
                0,
                1432495800
            ],
            [
                0,
                1432495860
            ],
            [
                0,
                1432495920
            ],
            [
                0,
                1432495980
            ],
            [
                0,
                1432496040
            ],
            [
                0,
                1432496100
            ],
            [
                0,
                1432496160
            ],
            [
                0,
                1432496220
            ],
            [
                0,
                1432496280
            ],
            [
                0,
                1432496340
            ],
            [
                0,
                1432496400
            ],
            [
                0,
                1432496460
            ],
            [
                0,
                1432496520
            ],
            [
                0,
                1432496580
            ],
            [
                0,
                1432496640
            ],
            [
                0,
                1432496700
            ],
            [
                0,
                1432496760
            ],
            [
                0,
                1432496820
            ],
            [
                0,
                1432496880
            ],
            [
                0,
                1432496940
            ],
            [
                0,
                1432497000
            ],
            [
                0,
                1432497060
            ],
            [
                0,
                1432497120
            ],
            [
                0,
                1432497180
            ],
            [
                0,
                1432497240
            ],
            [
                0,
                1432497300
            ],
            [
                0,
                1432497360
            ],
            [
                0,
                1432497420
            ],
            [
                0,
                1432497480
            ],
            [
                0,
                1432497540
            ],
            [
                0,
                1432497600
            ],
            [
                0,
                1432497660
            ],
            [
                0,
                1432497720
            ],
            [
                0,
                1432497780
            ],
            [
                0,
                1432497840
            ],
            [
                0,
                1432497900
            ],
            [
                0,
                1432497960
            ],
            [
                0,
                1432498020
            ],
            [
                0,
                1432498080
            ],
            [
                0,
                1432498140
            ],
            [
                0,
                1432498200
            ],
            [
                0,
                1432498260
            ],
            [
                0,
                1432498320
            ],
            [
                0,
                1432498380
            ],
            [
                0,
                1432498440
            ],
            [
                0,
                1432498500
            ],
            [
                0,
                1432498560
            ],
            [
                0,
                1432498620
            ],
            [
                0,
                1432498680
            ],
            [
                0,
                1432498740
            ],
            [
                0,
                1432498800
            ],
            [
                0,
                1432498860
            ],
            [
                0,
                1432498920
            ],
            [
                0,
                1432498980
            ],
            [
                0,
                1432499040
            ],
            [
                0,
                1432499100
            ],
            [
                0,
                1432499160
            ],
            [
                0,
                1432499220
            ],
            [
                0,
                1432499280
            ],
            [
                0,
                1432499340
            ],
            [
                0,
                1432499400
            ]
        ]
    },
    {
        "target": "404",
        "datapoints": [
            [
                0,
                1432495800
            ],
            [
                24,
                1432495860
            ],
            [
                1,
                1432495920
            ],
            [
                5,
                1432495980
            ],
            [
                4,
                1432496040
            ],
            [
                1,
                1432496100
            ],
            [
                0,
                1432496160
            ],
            [
                2,
                1432496220
            ],
            [
                2,
                1432496280
            ],
            [
                0,
                1432496340
            ],
            [
                0,
                1432496400
            ],
            [
                0,
                1432496460
            ],
            [
                0,
                1432496520
            ],
            [
                0,
                1432496580
            ],
            [
                0,
                1432496640
            ],
            [
                1,
                1432496700
            ],
            [
                0,
                1432496760
            ],
            [
                1,
                1432496820
            ],
            [
                0,
                1432496880
            ],
            [
                3,
                1432496940
            ],
            [
                2,
                1432497000
            ],
            [
                0,
                1432497060
            ],
            [
                0,
                1432497120
            ],
            [
                1,
                1432497180
            ],
            [
                0,
                1432497240
            ],
            [
                0,
                1432497300
            ],
            [
                0,
                1432497360
            ],
            [
                0,
                1432497420
            ],
            [
                0,
                1432497480
            ],
            [
                0,
                1432497540
            ],
            [
                1,
                1432497600
            ],
            [
                0,
                1432497660
            ],
            [
                2,
                1432497720
            ],
            [
                2,
                1432497780
            ],
            [
                27,
                1432497840
            ],
            [
                4,
                1432497900
            ],
            [
                7,
                1432497960
            ],
            [
                2,
                1432498020
            ],
            [
                2,
                1432498080
            ],
            [
                4,
                1432498140
            ],
            [
                3,
                1432498200
            ],
            [
                0,
                1432498260
            ],
            [
                3,
                1432498320
            ],
            [
                16,
                1432498380
            ],
            [
                0,
                1432498440
            ],
            [
                1,
                1432498500
            ],
            [
                2,
                1432498560
            ],
            [
                0,
                1432498620
            ],
            [
                0,
                1432498680
            ],
            [
                0,
                1432498740
            ],
            [
                0,
                1432498800
            ],
            [
                0,
                1432498860
            ],
            [
                0,
                1432498920
            ],
            [
                1,
                1432498980
            ],
            [
                0,
                1432499040
            ],
            [
                3,
                1432499100
            ],
            [
                1,
                1432499160
            ],
            [
                2,
                1432499220
            ],
            [
                0,
                1432499280
            ],
            [
                0,
                1432499340
            ],
            [
                0,
                1432499400
            ]
        ]
    }
]