MMSI, LAT, LON, SPEED, COURSE, STATUS, TIMESTAMP
210138000,-12.493310,130.875500,0,220,3,2013-11-20T16:09:00
538003142,10.760050,106.795000,0,331,0,2013-11-20T16:10:00
566946000,1.276475,103.776200,4,180,0,2013-11-20T16:12:00
525007025,1.156115,103.716700,29,287,15,2013-11-20T16:06:00
563010630,1.208955,103.670200,157,290,0,2013-11-20T16:11:00
229584000,1.112355,103.513400,132,121,0,2013-11-20T16:09:00
325580000,1.307875,103.652700,0,20,8,2013-11-20T16:09:00
312825000,1.260572,103.692700,7,27,99,2013-11-20T16:09:00
413900365,0.058420,113.881500,58,177,99,2013-11-20T16:10:00
563000520,1.250683,103.636900,50,95,99,2013-11-20T16:08:00
372047903,1.286835,103.946800,0,328,1,2013-11-20T16:07:00
574476000,10.383530,106.827100,104,144,8,2013-11-20T15:34:00
503371000,-12.481170,130.835800,3,307,1,2013-11-20T16:09:00
335440002,1.290968,103.747900,65,43,99,2013-11-20T16:10:00
565470000,10.520450,100.285600,0,0,3,2013-11-20T15:35:00
564256000,1.306520,103.653500,0,163,0,2013-11-20T16:11:00
563007820,1.225595,103.716100,0,84,1,2013-11-20T16:05:00
572628210,1.237028,103.824800,2,121,1,2013-11-20T15:42:00
525261069,-5.899673,105.875300,66,295,8,2013-11-20T16:10:00
457779000,1.290972,103.745000,54,295,99,2013-11-20T16:10:00
563024330,1.235830,103.602900,1,282,15,2013-11-20T16:11:00
355042000,1.235550,103.645700,1,27,1,2013-11-20T16:07:00
228030600,1.272103,103.885200,0,298,1,2013-11-20T16:04:00
529407000,1.306743,103.697300,0,115,99,2013-11-20T16:04:00
564034000,1.208000,103.852400,50,65,1,2013-11-20T16:11:00
564068000,1.234933,103.817400,2,343,0,2013-11-20T16:05:00
565891000,1.269317,103.851700,1,239,0,2013-11-20T16:10:00
525019536,1.303087,103.754600,0,211,5,2013-11-20T16:09:00
353037000,10.758130,106.791700,0,353,5,2013-11-20T16:11:00
565894000,1.209980,103.857500,49,79,5,2013-11-20T16:12:00
565690000,1.236622,103.793400,3,205,5,2013-11-20T15:47:00
574491000,10.469870,106.941600,97,170,5,2013-11-20T16:09:00
356195000,1.201850,103.655000,50,214,0,2013-11-20T16:08:00
566575000,-16.931800,145.779800,1,290,5,2013-11-20T16:09:00
563004680,1.272652,103.747100,50,143,99,2013-11-20T15:30:00
548394100,10.311670,123.944300,0,150,2,2013-11-20T16:07:00
566378000,1.238895,103.599000,1,184,1,2013-11-20T16:08:00
357269000,1.274353,103.883900,1,148,1,2013-11-20T16:11:00
565695000,1.236295,103.595400,2,11,1,2013-11-20T16:11:00
477958800,-5.864594,105.598000,120,303,0,2013-11-20T16:00:00
566209000,1.265343,103.841500,1,22,0,2013-11-20T16:09:00
574012729,10.756890,106.798900,0,35,0,2013-11-20T16:09:00
232136000,1.175308,103.714100,1,191,1,2013-11-20T15:57:00
211433000,1.260988,103.850900,0,138,5,2013-11-20T16:11:00
563016990,1.227625,103.610700,9,130,1,2013-11-20T16:07:00
566108000,1.306183,103.714600,0,214,0,2013-11-20T16:11:00
209469000,1.308438,103.645300,0,0,5,2013-11-20T16:11:00
566770000,1.242070,103.643800,1,339,1,2013-11-20T16:08:00
563003010,1.258500,103.594700,0,257,5,2013-11-20T15:54:00
566864000,-10.759540,142.697400,147,114,0,2013-11-20T16:12:00
235088261,-12.492370,130.864500,1,223,0,2013-11-20T16:09:00
574447000,1.231267,103.803500,1,238,1,2013-11-20T16:05:00
574460000,10.602660,106.783400,0,336,5,2013-11-20T16:01:00
218441000,1.273678,103.761000,0,67,5,2013-11-20T16:06:00
538002289,1.251780,103.688500,0,77,5,2013-11-20T16:10:00
565660000,1.259102,103.842100,0,183,0,2013-11-20T16:09:00
667003395,10.299370,123.912300,0,225,0,2013-11-20T16:08:00
356868000,1.185400,103.968200,0,296,1,2013-11-20T16:11:00
574443000,10.478200,106.944200,117,220,0,2013-11-20T15:17:00
457900030,8.907594,123.242500,93,218,1,2013-11-20T15:19:00
312559000,1.310343,103.726700,0,0,99,2013-11-20T16:04:00
572119210,1.306655,103.697300,0,0,99,2013-11-20T16:05:00
574277000,10.717720,106.756300,0,165,5,2013-11-20T16:06:00
636014990,6.388580,95.135340,118,100,0,2013-11-20T15:37:00
564093000,1.307810,103.726400,0,0,99,2013-11-20T16:10:00
538002484,-6.023200,105.938600,0,111,5,2013-11-20T16:10:00
636010835,1.235468,103.653000,1,338,1,2013-11-20T15:52:00
563004070,1.217853,103.865000,65,50,15,2013-11-20T16:10:00
477791300,1.293183,103.741400,0,162,5,2013-11-20T16:05:00
636015958,-6.015050,105.952600,0,190,5,2013-11-20T16:10:00
564663000,1.228000,103.672800,0,95,5,2013-11-20T16:07:00
565767000,1.241917,103.693700,73,5,8,2013-11-20T16:11:00
564857000,1.222305,103.589700,2,103,0,2013-11-20T16:10:00
563005320,1.202717,103.821400,37,88,15,2013-11-20T15:50:00
538005038,1.250933,103.875700,1,95,1,2013-11-20T16:11:00
525019132,-5.947920,105.988900,1,127,1,2013-11-20T16:08:00
370811000,10.417800,107.009100,118,115,0,2013-11-20T15:23:00
357225000,1.253772,103.804400,0,44,0,2013-11-20T16:07:00
525014054,-5.959233,105.981900,1,96,0,2013-11-20T16:10:00
538003882,1.249517,103.528800,0,208,1,2013-11-20T16:01:00
419704000,1.272790,103.877000,1,12,0,2013-11-20T16:11:00
525007027,-5.882267,105.999500,2,307,1,2013-11-20T15:57:00
503488100,-12.493700,130.899600,1,122,99,2013-11-20T15:51:00
219857000,10.762240,106.799700,0,245,5,2013-11-20T16:08:00
548038500,10.193310,123.825600,64,255,8,2013-11-20T16:10:00
525012103,5.451125,95.239410,0,95,8,2013-11-20T16:10:00
563001320,1.224345,103.719700,0,135,0,2013-11-20T16:12:00
636092239,1.265293,103.844700,0,0,5,2013-11-20T16:10:00
353467000,1.263710,103.848400,0,333,5,2013-11-20T16:12:00
245404000,-12.495700,130.891600,0,268,1,2013-11-20T16:12:00
245810000,-12.491760,130.873200,4,6,3,2013-11-20T16:11:00
525002061,-5.870350,105.755200,1,253,0,2013-11-20T15:40:00
246351000,-12.496660,130.880200,3,118,3,2013-11-20T16:10:00
246365000,-12.491990,130.873200,5,271,0,2013-11-20T16:11:00
563024220,1.270258,103.855100,0,38,99,2013-11-20T16:08:00
529213000,1.296762,103.731000,118,315,0,2013-11-20T16:08:00
529627000,-5.865262,105.808800,20,90,0,2013-11-20T16:02:00
548315100,10.166670,123.854200,124,200,0,2013-11-20T16:11:00
563005290,1.262367,103.841000,39,306,0,2013-11-20T16:12:00
563017650,1.254672,103.603800,4,261,1,2013-11-20T15:55:00
566978000,-5.909683,106.001700,0,307,5,2013-11-20T16:07:00
457771000,1.285113,103.705400,23,334,99,2013-11-20T16:11:00
525009046,-3.329292,114.556800,0,192,0,2013-11-20T16:11:00
533000330,1.239883,103.807000,3,5,0,2013-11-20T16:08:00
376095000,1.184133,103.640400,94,281,0,2013-11-20T16:12:00
563007830,1.223845,103.712500,0,127,0,2013-11-20T15:59:00
457900032,10.346550,123.991900,0,142,8,2013-11-20T16:12:00
564022000,1.223933,103.721900,1,52,0,2013-11-20T16:08:00
564285000,1.251645,103.879300,1,15,0,2013-11-20T16:08:00
245450000,-12.507670,130.899200,11,311,3,2013-11-20T16:11:00
538005006,1.252028,103.915500,1,171,1,2013-11-20T16:10:00
412034000,-6.017388,105.919700,1,44,1,2013-11-20T15:47:00
564215000,1.306023,103.727700,0,94,12,2013-11-20T16:11:00
525017088,-5.906778,105.915500,62,296,1,2013-11-20T16:12:00
354211000,1.218167,103.646700,0,252,1,2013-11-20T16:08:00
566218000,1.286500,103.757200,1,61,0,2013-11-20T16:10:00
445686000,1.310422,103.726200,0,324,99,2013-11-20T16:09:00
304509000,10.305770,123.919800,0,82,0,2013-11-20T16:10:00
533014400,1.231612,103.796100,1,199,0,2013-11-20T16:08:00
311044800,1.259060,103.878900,1,13,1,2013-11-20T16:10:00
667003235,1.217248,103.619700,0,44,0,2013-11-20T15:38:00
1450112,-6.835967,132.881700,0,0,14,2013-11-20T15:36:00
525015603,-5.930935,105.995600,0,0,0,2013-11-20T16:11:00
563013850,1.231530,103.894000,19,351,0,2013-11-20T16:10:00
563014910,1.306330,103.727900,0,0,99,2013-11-20T16:11:00
309562000,1.128967,103.570100,0,180,3,2013-11-20T16:11:00
477381000,1.283450,103.953800,0,262,1,2013-11-20T16:09:00
565127000,1.268850,103.898400,0,55,1,2013-11-20T16:07:00
305213000,1.261793,103.838700,0,328,5,2013-11-20T16:01:00
538004655,1.279792,103.966500,1,278,1,2013-11-20T15:57:00
563010540,1.306110,103.728200,0,35,99,2013-11-20T16:10:00
305823000,8.007960,98.464700,1,199,1,2013-11-20T16:11:00
538003729,10.538370,107.028400,0,236,5,2013-11-20T16:10:00
566011000,1.268033,103.937500,1,247,0,2013-11-20T15:55:00
525005050,1.230478,103.775600,0,260,5,2013-11-20T15:59:00
572412000,1.299130,103.756200,0,51,0,2013-11-20T16:11:00
352979000,1.237892,104.051200,99,82,0,2013-11-20T15:14:00
563026040,1.306627,103.727000,0,170,99,2013-11-20T16:05:00
525019409,-5.935342,105.877200,100,177,0,2013-11-20T16:11:00
636014600,1.241372,103.912900,1,261,1,2013-11-20T16:09:00
470963000,6.233252,95.469630,200,290,0,2013-11-20T15:37:00
533951000,1.266007,103.560000,0,35,0,2013-11-20T15:39:00
525015374,-5.947117,105.985400,1,150,1,2013-11-20T16:11:00
565488000,-12.492000,130.883000,0,346,5,2013-11-20T16:11:00
566718000,1.299298,103.696200,0,17,0,2013-11-20T16:11:00
244112000,1.226472,103.690300,93,228,0,2013-11-20T16:10:00
563021050,1.219000,103.828200,33,302,0,2013-11-20T16:02:00
249290000,1.234833,103.986100,71,75,0,2013-11-20T16:11:00
354778000,1.278188,103.753900,2,10,5,2013-11-20T16:11:00
353913000,5.420279,100.346100,0,174,5,2013-11-20T16:10:00
529226000,1.310105,103.726500,0,93,99,2013-11-20T16:10:00
373500000,10.409300,107.034000,115,154,0,2013-11-20T15:24:00
353261000,1.366483,103.544100,1,331,5,2013-11-20T16:11:00
525022093,1.165000,103.998200,0,38,8,2013-11-20T16:08:00
565006000,1.193442,103.749300,1,16,1,2013-11-20T16:08:00
457552000,1.278360,103.892500,1,136,1,2013-11-20T15:30:00
565911112,1.233262,103.652200,60,106,5,2013-11-20T16:09:00
563047000,5.419000,100.360400,0,82,0,2013-11-20T16:08:00
529499000,1.310225,103.726400,1,217,99,2013-11-20T16:11:00
525019513,-5.953227,105.986100,2,326,8,2013-11-20T16:11:00
525010062,-3.286200,114.564600,0,288,0,2013-11-20T16:09:00
373123000,1.081333,103.896000,0,287,5,2013-11-20T15:54:00
372348000,1.291850,103.687800,0,44,5,2013-11-20T15:55:00
367310520,-12.491670,130.889800,0,185,15,2013-11-20T16:12:00
533180002,1.221987,103.581700,3,193,0,2013-11-20T16:08:00
538003845,1.263842,103.911100,1,292,1,2013-11-20T16:04:00
525019627,-5.992950,105.934900,0,105,0,2013-11-20T16:10:00
538005002,1.268007,103.874400,0,207,1,2013-11-20T16:03:00
477207500,1.353418,103.548200,0,257,5,2013-11-20T16:08:00
566212000,1.220000,103.636000,0,15,0,2013-11-20T16:09:00
311040600,1.276762,103.947500,1,334,1,2013-11-20T15:49:00
312254000,1.251770,103.871600,77,70,99,2013-11-20T15:32:00
477207200,-3.327588,114.557800,0,203,0,2013-11-20T16:11:00
538002718,5.409596,100.352000,2,339,1,2013-11-20T15:47:00
525015314,-5.948747,105.993100,2,115,0,2013-11-20T16:10:00
525005177,-5.949713,105.983800,2,100,0,2013-11-20T16:10:00
566433000,1.247918,103.918700,1,25,1,2013-11-20T16:11:00
258528000,5.921300,114.327500,3,157,3,2013-11-20T16:00:00
563158000,1.286300,103.657200,66,186,0,2013-11-20T16:11:00
457900015,10.298350,123.911700,0,0,0,2013-11-20T16:11:00
525019589,-5.872950,106.019300,0,163,1,2013-11-20T15:51:00
525019074,-6.004432,105.938900,33,293,8,2013-11-20T16:12:00
636090815,5.365403,100.365000,0,39,5,2013-11-20T15:32:00
563001860,1.223210,103.653300,62,121,8,2013-11-20T16:11:00
563003940,1.281800,103.750500,0,130,5,2013-11-20T16:06:00
525003175,-8.513160,115.512900,1,34,5,2013-11-20T15:32:00
370433000,6.210100,95.625120,142,106,0,2013-11-20T16:12:00
566000000,1.262057,103.881600,1,21,1,2013-11-20T16:06:00
567317000,1.230983,103.972900,151,76,0,2013-11-20T15:16:00
525021054,-5.965700,105.980100,0,294,0,2013-11-20T16:08:00
538090125,1.273367,103.894900,1,146,1,2013-11-20T16:08:00
372948000,1.260827,103.876300,1,15,1,2013-11-20T16:09:00
525015867,-8.599200,115.626200,91,108,0,2013-11-20T15:22:00
564334000,1.195358,103.747300,0,349,8,2013-11-20T16:10:00
373641000,1.100983,103.632000,1,195,5,2013-11-20T16:01:00
356931000,1.277350,103.776000,0,104,5,2013-11-20T16:09:00
563021420,1.269997,103.856600,0,183,99,2013-11-20T16:01:00
563414000,1.146833,103.586400,1,266,1,2013-11-20T16:00:00
548274100,10.235380,123.864500,0,282,0,2013-11-20T16:11:00
636090713,1.269758,103.771300,1,252,5,2013-11-20T16:10:00
548051200,6.913160,122.043200,1,304,0,2013-11-20T16:09:00
563003730,1.213400,103.863700,36,64,15,2013-11-20T15:55:00
5030206,-12.389330,130.630900,0,0,14,2013-11-20T16:10:00
563002510,1.213815,103.730500,2,231,0,2013-11-20T16:11:00
566540000,1.251073,103.886900,1,185,0,2013-11-20T16:10:00
995031028,-12.479550,130.855300,0,0,98,2013-11-20T16:05:00
413520170,1.296817,103.733300,0,180,5,2013-11-20T16:10:00
563003460,1.243805,103.691000,0,308,5,2013-11-20T16:11:00
563022430,1.301488,103.756200,0,360,99,2013-11-20T16:05:00
995031025,-12.417460,130.782900,0,0,98,2013-11-20T15:45:00
566661000,1.250197,103.688800,0,312,5,2013-11-20T16:05:00
419531000,1.233133,103.973300,94,85,4,2013-11-20T15:56:00
232150000,1.191000,103.693700,0,0,1,2013-11-20T16:09:00
564169000,1.229497,103.950200,132,72,0,2013-11-20T15:14:00
563021070,1.291333,103.760500,1,289,15,2013-11-20T16:09:00
220123000,1.280750,103.736300,0,242,5,2013-11-20T16:06:00
566333000,1.226912,103.582000,2,202,3,2013-11-20T16:11:00
563625000,1.280833,103.768900,8,122,0,2013-11-20T16:00:00
538005238,1.268877,103.906800,0,358,1,2013-11-20T16:12:00
667006000,10.575840,106.781000,2,108,0,2013-11-20T16:11:00
525019408,-5.936067,105.996600,70,6,0,2013-11-20T16:12:00
477144800,1.265667,103.841500,1,76,5,2013-11-20T16:07:00
566055000,5.708492,94.805440,133,43,0,2013-11-20T15:37:00
525017090,-5.957040,105.986200,0,324,1,2013-11-20T16:12:00
356229000,5.374003,100.364100,1,187,0,2013-11-20T15:25:00
372095000,1.227600,103.646400,0,220,1,2013-11-20T16:06:00
566339000,1.284520,103.770100,0,283,0,2013-11-20T16:11:00
503588200,-12.494260,130.889800,9,137,99,2013-11-20T16:12:00
525016696,-6.018525,105.956300,1,223,15,2013-11-20T16:12:00
574446000,10.785170,106.712900,0,114,5,2013-11-20T16:07:00
574002050,6.171183,95.131770,120,275,0,2013-11-20T16:09:00
564417000,1.306467,103.651700,0,299,5,2013-11-20T16:01:00
636092271,1.272342,103.763500,0,243,5,2013-11-20T16:10:00
995031033,-10.473590,142.376500,0,0,98,2013-11-20T16:12:00
311069300,5.572830,113.775900,1,275,0,2013-11-20T16:01:00
477108100,6.182288,95.546100,189,286,0,2013-11-20T15:37:00
563001230,1.232567,103.683000,0,82,8,2013-11-20T16:08:00
566065000,1.221822,103.591300,1,197,0,2013-11-20T16:06:00
529195000,1.310297,103.726300,0,0,99,2013-11-20T16:02:00
563009000,1.250038,103.594400,1,270,0,2013-11-20T15:30:00
563021650,1.269823,103.856700,1,202,99,2013-11-20T16:10:00
212275000,6.319730,95.451840,137,69,0,2013-11-20T15:44:00
572160000,1.296658,103.756300,1,291,99,2013-11-20T16:11:00
503091000,-16.952220,145.773400,0,41,5,2013-11-20T16:06:00
503338000,-12.462430,130.850500,0,271,5,2013-11-20T16:09:00
503516000,-12.472000,130.846700,0,269,15,2013-11-20T16:11:00
503590000,-12.471120,130.847200,0,0,5,2013-11-20T16:12:00
503778700,-12.460190,130.822300,0,13,5,2013-11-20T16:11:00
457632000,10.602940,107.021300,0,294,5,2013-11-20T16:03:00
503476200,-16.921650,145.781300,0,360,15,2013-11-20T16:12:00
565143000,1.262267,103.849100,0,41,0,2013-11-20T16:08:00
311639000,-6.008328,105.959900,0,317,5,2013-11-20T16:11:00
563000690,1.243587,103.845600,73,217,15,2013-11-20T16:06:00
563008480,1.306230,103.727700,0,45,99,2013-11-20T16:09:00
354292000,10.314030,123.933800,0,222,5,2013-11-20T16:11:00
574000450,10.690760,106.762400,0,257,8,2013-11-20T16:11:00
525012232,-5.872412,105.936600,75,301,0,2013-11-20T16:12:00
566666000,1.262767,103.828200,0,120,0,2013-11-20T16:09:00
529595000,1.310368,103.726400,0,0,99,2013-11-20T15:55:00
245609000,1.259110,103.870700,1,296,1,2013-11-20T16:12:00
355779000,1.229450,103.650200,1,39,1,2013-11-20T15:45:00
563916000,1.198500,103.876900,122,65,0,2013-11-20T16:10:00
441944000,1.298317,103.731400,0,108,5,2013-11-20T16:08:00
574272000,10.616620,106.484900,0,51,5,2013-11-20T16:12:00
566186000,1.301597,103.755400,0,0,99,2013-11-20T15:29:00
565870000,1.238517,103.759600,0,138,5,2013-11-20T16:08:00
538004129,1.295803,103.656800,0,345,2,2013-11-20T16:09:00
412413258,10.320890,123.941800,0,0,8,2013-11-20T16:09:00
538003828,1.229842,103.640500,1,333,1,2013-11-20T16:08:00
312556000,1.267230,103.871600,0,0,99,2013-11-20T16:04:00
677055900,5.401423,100.338000,0,293,8,2013-11-20T16:09:00
305062000,1.235023,103.817200,0,0,1,2013-11-20T16:10:00
477738400,1.195933,103.690200,0,173,1,2013-11-20T15:55:00
565000000,1.258333,103.917200,0,79,0,2013-11-20T16:05:00
563021040,1.219167,103.655200,32,88,15,2013-11-20T16:12:00
563004450,1.234935,103.686600,0,0,0,2013-11-20T16:11:00
353529000,6.238667,95.308410,114,106,0,2013-11-20T15:37:00
563021430,1.291368,103.760400,1,137,0,2013-11-20T16:09:00
574379000,1.250333,103.800500,0,286,1,2013-11-20T16:09:00
574400000,10.720510,106.758400,0,1,5,2013-11-20T15:46:00
533587000,1.263262,103.683600,0,68,5,2013-11-20T16:08:00
370552000,6.221867,95.358720,149,105,0,2013-11-20T15:37:00
457379000,1.286413,103.705500,1,25,99,2013-11-20T16:03:00
677056000,1.270977,103.854400,1,289,99,2013-11-20T15:40:00
565957000,1.250090,103.866400,1,246,1,2013-11-20T16:09:00
563081000,1.242260,103.653600,1,357,5,2013-11-20T16:11:00
525016348,-5.915787,105.919100,77,310,0,2013-11-20T16:12:00
566190000,1.299783,103.695400,0,51,0,2013-11-20T16:08:00
574387000,1.266700,103.831100,0,54,5,2013-11-20T16:05:00
565684000,1.166617,103.718500,0,162,1,2013-11-20T15:52:00
503336000,-12.469830,130.849700,0,172,5,2013-11-20T16:09:00
525022005,-3.327062,114.554400,1,154,8,2013-11-20T16:09:00
258406000,-12.482170,130.848700,0,170,1,2013-11-20T16:10:00
533004840,-12.477870,130.930600,0,43,1,2013-11-20T16:05:00
565305000,1.239545,103.747200,0,154,5,2013-11-20T16:06:00
565590000,1.299922,103.755800,0,271,5,2013-11-20T16:07:00
563897000,1.249682,103.589400,0,165,1,2013-11-20T15:25:00
525017089,-5.917297,105.979500,74,293,8,2013-11-20T16:11:00
563013880,1.291550,103.760900,1,352,15,2013-11-20T16:11:00
414746000,1.231712,103.807200,1,338,1,2013-11-20T16:10:00
563794000,1.311442,103.636700,0,47,8,2013-11-20T16:08:00
319312000,8.069832,98.446090,0,85,0,2013-11-20T16:08:00
563020750,1.270677,103.867300,0,226,99,2013-11-20T16:12:00
574693000,10.504350,106.947000,0,83,5,2013-11-20T16:05:00
525022211,-3.235270,114.542100,53,359,0,2013-11-20T15:24:00
574001130,10.761130,106.714400,0,280,5,2013-11-20T16:07:00
567710002,7.775175,98.327520,0,11,99,2013-11-20T16:10:00
440116000,10.579190,106.835600,117,352,0,2013-11-20T16:08:00
412024000,1.277390,103.905700,1,227,1,2013-11-20T15:30:00
525015491,-5.930563,105.965300,56,127,8,2013-11-20T16:11:00
566657000,1.250000,103.850000,0,39,0,2013-11-20T16:10:00
563023710,1.309815,103.727000,0,223,99,2013-11-20T16:12:00
563012310,1.227667,103.874800,99,115,0,2013-11-20T16:11:00
563001580,1.304002,103.754200,1,346,1,2013-11-20T16:08:00
566617000,1.255200,103.929300,1,25,1,2013-11-20T16:11:00
319865000,-16.917330,145.782800,0,324,5,2013-11-20T16:00:00
310657000,1.187437,103.679300,0,228,1,2013-11-20T16:00:00
248437000,1.270118,103.892100,0,175,1,2013-11-20T16:07:00
525015631,-5.959453,105.952400,53,46,0,2013-11-20T16:11:00
542112110,1.081602,103.895000,1,359,0,2013-11-20T15:37:00
457412000,10.525380,106.936500,1,242,0,2013-11-20T16:10:00
373542000,11.203510,99.583450,1,275,5,2013-11-20T16:08:00
357117000,1.195483,103.684200,0,340,1,2013-11-20T16:06:00
636014315,1.226533,103.673000,0,336,5,2013-11-20T16:05:00
538001656,1.211017,103.656300,0,113,1,2013-11-20T15:42:00
563943000,1.221300,103.821200,2,344,1,2013-11-20T16:10:00
567429000,7.812033,98.420720,0,328,0,2013-11-20T16:10:00
1905266,1.273573,103.801400,0,0,11,2013-11-20T16:09:00
5250012,1.181167,104.014500,0,0,14,2013-11-20T16:07:00
525004106,-8.524207,115.521800,0,348,1,2013-11-20T16:07:00
457770000,1.280415,103.706600,1,108,99,2013-11-20T16:09:00
514100005,10.707810,106.755200,33,4,99,2013-11-20T15:21:00
564265000,1.306207,103.728200,1,242,99,2013-11-20T15:49:00
538004960,1.268550,103.595900,0,114,1,2013-11-20T16:07:00
356629000,1.274672,103.774200,0,147,5,2013-11-20T16:12:00
563981000,1.306072,103.718500,0,272,3,2013-11-20T16:08:00
372324000,1.226382,103.457900,123,282,0,2013-11-20T15:33:00
563711000,1.191753,103.745000,1,246,1,2013-11-20T16:05:00
351518000,1.216000,103.816300,0,307,1,2013-11-20T16:00:00
352157000,1.263005,103.837400,0,304,5,2013-11-20T16:10:00
422036500,7.821445,98.405530,1,105,5,2013-11-20T16:00:00
98,1.224313,103.929100,112,66,0,2013-11-20T15:52:00
525023209,-5.997800,105.945900,1,128,1,2013-11-20T16:11:00
636092103,1.251822,103.609200,0,0,5,2013-11-20T16:10:00
457446000,1.278807,103.887600,1,24,1,2013-11-20T15:58:00
525023144,-5.863217,105.797900,3,16,0,2013-11-20T16:11:00
5330049,1.601473,103.546100,0,0,14,2013-11-20T16:09:00
457662000,1.307883,103.652700,0,360,0,2013-11-20T16:11:00
477829100,1.267067,103.915300,1,225,1,2013-11-20T16:09:00
256604000,1.212900,103.535600,149,184,0,2013-11-20T16:08:00
565610000,1.242543,103.804400,6,241,1,2013-11-20T15:53:00
565162000,1.286300,103.767500,0,71,5,2013-11-20T16:09:00
309368000,1.230383,103.976000,123,77,0,2013-11-20T15:53:00
309658000,1.222345,103.800600,2,358,1,2013-11-20T16:08:00
5631123,1.261445,103.852100,0,0,98,2013-11-20T16:07:00
233088000,1.356592,103.546900,0,61,0,2013-11-20T16:11:00
457900067,-5.851292,105.821600,56,276,0,2013-11-20T16:12:00
356876000,1.254717,103.710400,0,0,5,2013-11-20T16:03:00
308089000,1.241885,103.921800,0,241,0,2013-11-20T15:58:00
370959000,1.270448,103.851900,0,176,5,2013-11-20T16:11:00
563002010,1.261940,103.556800,1,166,0,2013-11-20T16:06:00
565623000,1.232167,103.584500,0,218,1,2013-11-20T16:01:00
525002004,-3.347097,114.537700,1,191,1,2013-11-20T16:10:00
564817000,1.244342,103.795600,1,20,1,2013-11-20T16:08:00
525015146,-5.861637,106.027300,1,163,1,2013-11-20T16:09:00
351137000,1.277300,103.955700,18,13,0,2013-11-20T16:04:00
565282000,1.247900,103.799500,1,330,0,2013-11-20T16:10:00
563022460,1.301560,103.756400,0,129,99,2013-11-20T16:08:00
995031022,-10.502760,142.358300,0,0,98,2013-11-20T16:09:00
525008001,-5.972407,105.982000,1,309,1,2013-11-20T16:06:00
357200000,1.267473,103.833400,0,264,5,2013-11-20T16:10:00
564017000,1.263113,103.846300,0,261,5,2013-11-20T16:10:00
355817000,1.169610,103.710300,2,6,1,2013-11-20T15:55:00
563022450,1.301463,103.756200,0,360,99,2013-11-20T16:06:00
253403000,1.300182,103.653600,0,282,5,2013-11-20T16:11:00
636092031,10.394170,124.018700,2,126,1,2013-11-20T16:10:00
209854000,-6.017334,105.911200,0,124,1,2013-11-20T16:09:00
529277000,1.239100,103.803800,1,28,1,2013-11-20T16:11:00
563020890,1.266710,103.735400,164,224,99,2013-11-20T16:08:00
477016800,1.221482,103.963900,113,81,0,2013-11-20T16:05:00
913916393,10.742320,106.724000,0,0,1,2013-11-20T16:09:00
354836000,1.160867,103.576900,112,244,0,2013-11-20T16:06:00
525002062,-5.927043,105.993500,4,193,0,2013-11-20T16:11:00
5030256,-10.718750,142.629400,0,0,14,2013-11-20T16:10:00
564009000,1.237717,103.524100,5,211,1,2013-11-20T16:08:00
565553000,1.209685,103.795100,0,240,1,2013-11-20T15:52:00
503731200,-12.441420,130.859600,0,0,99,2013-11-20T16:11:00
564486000,1.232648,103.593100,1,326,5,2013-11-20T16:07:00
564768000,1.265680,103.846800,0,95,5,2013-11-20T16:10:00
229172000,1.142283,103.621800,0,163,1,2013-11-20T16:08:00
357988000,1.258927,103.841900,0,256,5,2013-11-20T16:03:00
566496000,1.265543,103.943300,1,182,0,2013-11-20T15:50:00
995036057,-10.527000,142.446700,0,0,98,2013-11-20T16:12:00
565550000,6.374967,95.151720,131,92,0,2013-11-20T16:10:00
525015069,-3.332172,114.555000,0,211,5,2013-11-20T16:09:00
370401000,10.270940,123.887700,1,278,1,2013-11-20T16:12:00
325586000,1.250230,103.594800,1,53,1,2013-11-20T16:10:00
5030051,-10.529030,142.223100,0,0,14,2013-11-20T16:08:00
636091308,1.260950,103.825700,0,241,5,2013-11-20T16:00:00
525015455,-3.368367,114.516400,0,275,0,2013-11-20T16:11:00
548018500,10.314810,123.941100,0,109,1,2013-11-20T16:10:00
636091162,1.364205,103.544800,0,46,5,2013-11-20T16:09:00
354462000,1.240557,103.789500,4,49,1,2013-11-20T16:11:00
563000790,1.290725,103.760700,0,228,99,2013-11-20T16:08:00
563020710,1.294000,103.754500,3,271,99,2013-11-20T16:12:00
405000106,1.229212,103.953300,123,63,0,2013-11-20T15:31:00
355871000,1.235100,103.603600,0,218,1,2013-11-20T16:01:00
564179000,1.242850,103.654100,54,136,99,2013-11-20T16:12:00
538003360,1.175167,103.707300,1,57,1,2013-11-20T16:11:00
564567000,1.230967,103.875200,29,120,99,2013-11-20T16:00:00
503515000,-12.471880,130.846600,0,281,99,2013-11-20T16:11:00
353491000,1.275850,103.689300,0,61,5,2013-11-20T16:10:00
563007580,1.305808,103.727800,1,268,0,2013-11-20T16:11:00
563009240,1.222870,103.678000,63,50,0,2013-11-20T16:06:00
525006045,-5.837528,105.876900,43,278,0,2013-11-20T16:11:00
564616000,1.240000,103.722700,83,58,5,2013-11-20T16:09:00
563021440,1.249710,103.855000,198,246,15,2013-11-20T16:11:00
533130000,5.372362,114.321800,139,230,0,2013-11-20T16:01:00
574330000,1.251717,103.879100,0,113,1,2013-11-20T16:05:00
525019471,-8.618368,115.645400,85,84,0,2013-11-20T16:11:00
563005250,1.257935,103.644100,1,354,5,2013-11-20T15:58:00
525007259,1.311097,103.727000,0,94,99,2013-11-20T15:51:00
304255000,1.167550,103.969700,1,307,1,2013-11-20T16:01:00
563452000,1.305753,103.753300,0,0,99,2013-11-20T16:12:00
5251501,5.880500,95.332830,0,0,14,2013-11-20T16:10:00
563542000,1.235825,103.803200,1,157,1,2013-11-20T15:55:00
525018224,1.266040,103.877200,1,217,1,2013-11-20T16:11:00
525015485,-8.513600,115.552800,3,12,0,2013-11-20T16:09:00
371186000,1.268067,103.878000,0,15,1,2013-11-20T16:08:00
538003995,7.785640,98.432080,2,238,1,2013-11-20T16:09:00
525019458,-5.931305,105.996800,0,323,8,2013-11-20T16:10:00
563024910,1.235593,103.626000,3,288,8,2013-11-20T16:11:00
525015991,-3.455150,114.505500,100,195,0,2013-11-20T15:55:00
563563000,1.311560,103.636700,0,18,8,2013-11-20T16:09:00
538004318,1.246042,103.519000,0,316,5,2013-11-20T15:37:00
351831000,1.263947,103.584900,0,167,1,2013-11-20T15:52:00
565523000,1.255735,103.922700,1,179,0,2013-11-20T15:32:00
564419000,1.272497,103.640900,0,169,0,2013-11-20T16:12:00
566862000,1.310347,103.636400,1,120,5,2013-11-20T16:10:00
319267000,1.307435,103.683700,0,358,5,2013-11-20T16:07:00
564787000,1.220920,103.723500,0,0,0,2013-11-20T16:08:00
357940001,1.307267,103.726600,0,263,0,2013-11-20T16:11:00
566078000,1.307833,103.726300,0,353,0,2013-11-20T16:10:00
209927000,1.285417,103.966000,0,102,1,2013-11-20T16:12:00
636012201,1.290520,103.666000,0,41,15,2013-11-20T16:11:00
563009220,1.294768,103.720200,25,240,0,2013-11-20T16:09:00
566686000,1.286153,103.767500,0,295,5,2013-11-20T16:11:00
414760000,1.289840,103.761700,0,329,5,2013-11-20T16:09:00
355245000,1.227933,103.596000,0,246,1,2013-11-20T16:10:00
564742000,1.304130,103.669400,0,275,15,2013-11-20T16:10:00
563009180,1.295500,103.718700,11,12,0,2013-11-20T16:08:00
477631500,1.302717,103.719400,0,172,5,2013-11-20T16:04:00
563001420,1.315392,103.649200,2,355,0,2013-11-20T16:12:00
565438000,1.250098,103.859800,59,320,0,2013-11-20T16:11:00
564057000,1.254400,103.872100,1,26,1,2013-11-20T16:10:00
563010320,1.246377,103.608500,0,78,0,2013-11-20T16:09:00
249437000,1.223375,103.650200,0,56,1,2013-11-20T16:08:00
563024850,1.218555,103.614500,0,70,15,2013-11-20T16:08:00
566332000,1.287167,103.760000,50,297,0,2013-11-20T16:11:00
563021740,1.301205,103.728700,82,188,15,2013-11-20T16:10:00
563562000,1.226150,103.820000,1,23,0,2013-11-20T16:11:00
310662000,1.236920,103.626400,0,234,1,2013-11-20T16:05:00
563928000,1.308960,103.682200,0,323,8,2013-11-20T16:10:00
563009030,1.279320,103.769200,2,153,15,2013-11-20T16:11:00
566542000,1.299742,103.695400,0,58,0,2013-11-20T16:09:00
563016130,1.259693,103.897500,3,47,0,2013-11-20T16:11:00
525015522,-6.018520,105.956100,0,330,0,2013-11-20T16:09:00
100010001,-3.326493,114.558400,0,273,5,2013-11-20T16:11:00
525017008,-3.288457,114.563800,2,162,8,2013-11-20T16:12:00
563013440,1.306575,103.726900,0,129,99,2013-11-20T16:10:00
563009190,1.266358,103.737300,76,223,0,2013-11-20T16:08:00
503658000,1.304383,103.669300,0,343,5,2013-11-20T16:01:00
5250033,-5.926508,105.999600,0,0,14,2013-11-20T15:36:00
566397000,1.244287,103.646000,0,176,1,2013-11-20T16:11:00
525019468,-5.912352,105.973100,31,46,15,2013-11-20T16:11:00
564925000,1.307333,103.727000,0,19,0,2013-11-20T16:08:00
565575000,1.310520,103.636900,0,0,0,2013-11-20T16:08:00
564027000,1.237988,103.627600,2,110,0,2013-11-20T16:11:00
235080362,1.299943,103.682200,0,0,3,2013-11-20T16:10:00
564969000,1.298817,103.656100,0,38,8,2013-11-20T16:08:00
477866200,1.279525,103.767100,0,293,5,2013-11-20T16:04:00
563001270,1.290510,103.760900,0,289,0,2013-11-20T16:10:00
352183000,1.224000,103.666300,58,147,0,2013-11-20T16:07:00
210952000,1.303833,103.669200,1,79,5,2013-11-20T16:06:00
419000000,7.800797,98.405910,0,195,99,2013-11-20T16:10:00
314112000,1.267285,103.871700,1,65,1,2013-11-20T16:07:00
538004980,1.253092,103.606700,0,134,5,2013-11-20T16:01:00
373140000,1.262197,103.689700,0,27,5,2013-11-20T16:07:00
431000165,1.303533,103.669600,0,60,1,2013-11-20T16:11:00
566711000,1.310730,103.637200,0,0,0,2013-11-20T16:06:00
355019000,1.343000,103.633200,0,131,8,2013-11-20T16:11:00
356815000,1.232960,103.657700,1,215,1,2013-11-20T16:01:00
563239000,1.231967,103.574100,1,185,15,2013-11-20T16:09:00
565374000,1.295742,103.754000,0,324,8,2013-11-20T16:07:00
235074621,1.265282,103.948500,1,181,1,2013-11-20T16:11:00
563852000,1.307608,103.652400,0,55,15,2013-11-20T16:08:00
354663000,1.238333,103.653700,1,346,1,2013-11-20T16:10:00
563521000,1.225975,103.638600,1,223,1,2013-11-20T16:08:00
372542000,1.231867,103.643400,0,173,1,2013-11-20T15:57:00
444440000,1.309067,103.780800,0,344,0,2013-11-20T16:10:00
563245000,1.221917,103.935900,104,66,0,2013-11-20T16:06:00
636090655,1.300200,103.674500,0,318,5,2013-11-20T16:11:00
566734000,1.254083,103.610600,0,99,15,2013-11-20T16:12:00
525023173,1.312497,103.640400,0,75,1,2013-11-20T16:08:00
235101031,-12.491450,130.873400,4,258,0,2013-11-20T16:09:00
566968000,1.310657,103.636300,0,156,0,2013-11-20T16:11:00
538003604,1.258635,103.595600,0,118,1,2013-11-20T16:08:00
565038000,1.238100,103.627400,1,358,0,2013-11-20T16:05:00
565192000,1.222825,103.644800,0,197,1,2013-11-20T16:12:00
503520000,-10.581890,142.143500,2,183,1,2013-11-20T16:12:00
229268000,1.300655,103.651600,0,0,5,2013-11-20T16:11:00
305351000,1.300750,103.697500,0,0,5,2013-11-20T16:12:00
334638000,1.307860,103.652800,0,333,0,2013-11-20T16:10:00
565560000,1.310603,103.636900,0,299,5,2013-11-20T15:23:00
311038100,1.198335,103.678200,1,212,1,2013-11-20T16:10:00
565469000,1.294578,103.719600,12,291,0,2013-11-20T16:11:00
355744000,1.231433,103.636800,0,326,1,2013-11-20T16:09:00
564414000,1.302667,103.680800,0,97,0,2013-11-20T16:08:00
563442000,1.299275,103.696400,0,344,8,2013-11-20T16:05:00
564839000,1.247147,103.691300,3,211,0,2013-11-20T16:11:00
563011370,1.290833,103.760500,1,114,0,2013-11-20T16:10:00
564112000,1.281947,103.916900,83,45,0,2013-11-20T15:50:00
566994000,1.317170,103.649600,0,0,0,2013-11-20T16:08:00
563021460,1.240637,103.692100,11,188,0,2013-11-20T16:10:00
565201000,1.301492,103.755400,0,54,8,2013-11-20T16:10:00
566811000,1.235047,103.820700,2,85,1,2013-11-20T16:06:00
563007480,1.306010,103.698400,0,0,8,2013-11-20T16:11:00
563260000,1.242462,103.641600,0,328,1,2013-11-20T16:08:00
563017330,1.254978,103.603800,0,189,15,2013-11-20T16:08:00
352771000,1.236338,103.641200,4,185,3,2013-11-20T16:11:00
419746000,1.194917,103.705200,1,273,1,2013-11-20T16:00:00
259944000,1.297608,103.731600,0,62,5,2013-11-20T16:10:00
566430000,1.230948,103.563900,1,262,0,2013-11-20T16:08:00
567419000,1.153900,103.638100,0,209,1,2013-11-20T16:12:00
503632600,-16.942610,145.775400,0,270,0,2013-11-20T16:09:00
352315000,1.234155,103.639600,1,301,0,2013-11-20T16:11:00
564001000,1.212063,103.660800,46,194,0,2013-11-20T16:11:00
574001690,1.242100,103.797800,1,356,1,2013-11-20T16:00:00
370878000,1.232183,103.650700,1,251,1,2013-11-20T16:05:00
477090000,11.200230,99.579880,0,266,5,2013-11-20T16:09:00
220575000,1.211545,103.811400,2,76,5,2013-11-20T15:16:00
533580000,1.306257,103.753200,0,89,0,2013-11-20T16:11:00
563009230,1.247317,103.693000,41,348,10,2013-11-20T16:10:00
563003860,1.292650,103.761600,1,111,0,2013-11-20T16:10:00
563015920,1.306442,103.727800,0,0,0,2013-11-20T16:12:00
440110291,9.310734,123.313400,2,300,0,2013-11-20T16:11:00
636012523,1.245500,103.693000,41,350,0,2013-11-20T16:09:00
565011000,1.300090,103.755800,0,256,1,2013-11-20T15:37:00
563238000,1.226167,103.652900,0,304,1,2013-11-20T15:32:00
477111100,1.274850,103.890200,0,89,1,2013-11-20T16:09:00
308317000,1.201150,103.686300,0,228,1,2013-11-20T16:10:00
565416000,1.307367,103.726600,0,276,0,2013-11-20T16:12:00
525016693,-5.969708,105.991700,0,60,15,2013-11-20T16:11:00
357715000,1.310577,103.656700,0,281,5,2013-11-20T16:05:00
572365210,1.304478,103.649200,0,355,3,2013-11-20T16:09:00
563013670,1.307503,103.726400,1,260,15,2013-11-20T16:08:00
525013013,1.245300,103.640900,1,332,0,2013-11-20T16:10:00
563009860,1.280567,103.747800,105,213,0,2013-11-20T16:10:00
563005220,1.291167,103.760200,0,339,8,2013-11-20T16:08:00
538004722,1.218900,103.828200,3,349,1,2013-11-20T16:09:00
220578000,1.293997,103.674200,0,318,5,2013-11-20T16:08:00
564307000,1.230067,103.776200,0,80,5,2013-11-20T15:25:00
563009850,1.271280,103.654000,55,185,0,2013-11-20T16:11:00
566474000,1.279653,103.767700,0,0,5,2013-11-20T16:10:00
564259000,1.110792,103.575100,1,235,1,2013-11-20T16:10:00
419471000,1.258450,103.904600,0,200,1,2013-11-20T16:07:00
565522000,1.234650,103.636400,0,52,5,2013-11-20T16:08:00
564721000,1.303342,103.648600,0,45,5,2013-11-20T16:06:00
310641000,1.300500,103.651900,0,0,5,2013-11-20T16:11:00
636091144,1.227487,103.805000,2,337,1,2013-11-20T16:07:00
258643000,1.227120,103.635700,2,330,1,2013-11-20T16:08:00
563004510,1.233412,103.830600,77,238,0,2013-11-20T16:07:00
566979000,1.310347,103.655800,0,188,5,2013-11-20T16:11:00
236468000,1.304383,103.650000,0,0,5,2013-11-20T16:08:00
563715000,1.243333,103.594500,0,17,0,2013-11-20T16:10:00
563013860,1.216218,103.652000,207,169,0,2013-11-20T16:07:00
566717000,1.306068,103.727700,0,85,12,2013-11-20T16:10:00
540999000,1.293382,103.661100,0,68,0,2013-11-20T16:09:00
563741000,1.314143,103.648100,0,227,3,2013-11-20T16:10:00
563005270,1.269538,103.772700,0,284,15,2013-11-20T16:11:00
357747000,1.129100,103.763300,60,46,0,2013-11-20T16:10:00
566676000,1.244693,103.892500,85,27,0,2013-11-20T16:08:00
563017060,1.226535,103.664700,52,141,99,2013-11-20T16:10:00
244600000,9.933928,123.726100,133,205,0,2013-11-20T16:02:00
566066000,1.175630,103.713800,1,241,0,2013-11-20T16:05:00
215028000,1.257467,103.873700,1,5,1,2013-11-20T16:11:00
563006850,1.204322,103.699900,75,158,15,2013-11-20T15:13:00
636010999,1.312118,103.640300,0,117,5,2013-11-20T15:41:00
538004984,1.189813,103.685600,0,349,1,2013-11-20T16:10:00
563000710,1.292012,103.687600,1,61,8,2013-11-20T16:11:00
355895000,1.217913,103.572000,0,31,5,2013-11-20T16:06:00
477056900,1.295118,103.679400,0,117,5,2013-11-20T15:49:00
565392000,1.233850,103.586600,2,229,1,2013-11-20T15:57:00
564243000,1.311500,103.636500,1,74,5,2013-11-20T16:12:00
563086000,1.310627,103.637200,1,281,5,2013-11-20T16:11:00
565586000,1.238325,103.814700,1,251,1,2013-11-20T16:00:00
566849000,1.272667,103.761100,6,358,0,2013-11-20T16:12:00
565418000,1.250363,103.859900,60,323,15,2013-11-20T16:11:00
566521000,1.249667,103.589800,1,342,0,2013-11-20T16:10:00
219089000,1.225667,103.795300,2,21,1,2013-11-20T16:09:00
257364000,1.200252,103.671900,0,143,1,2013-11-20T16:02:00
477814700,10.702110,106.755000,0,226,5,2013-11-20T16:07:00
563146000,1.307455,103.726500,0,43,15,2013-11-20T16:10:00
636015834,1.236390,103.689600,0,213,5,2013-11-20T15:55:00
566134000,1.219988,103.720600,19,102,5,2013-11-20T16:08:00
356962000,1.228667,103.784600,104,139,0,2013-11-20T16:11:00
533973000,1.233292,103.798900,1,233,1,2013-11-20T16:05:00
563183000,1.216633,103.727600,0,53,1,2013-11-20T15:58:00
564974000,1.225765,103.720400,0,17,8,2013-11-20T16:11:00
370229000,1.256317,103.713200,0,328,5,2013-11-20T16:10:00
372954000,1.299338,103.721300,0,14,5,2013-11-20T16:10:00
477201900,1.267137,103.783000,0,119,5,2013-11-20T16:10:00
636013695,1.275250,103.758500,0,5,5,2013-11-20T16:09:00
564760000,1.241125,103.639100,0,270,1,2013-11-20T15:57:00
525003134,1.308285,103.682400,0,61,2,2013-11-20T16:11:00
565766000,1.289783,103.681100,53,242,15,2013-11-20T16:08:00
205569000,1.268033,103.936900,0,258,1,2013-11-20T16:05:00
235098484,1.214467,103.822300,0,137,1,2013-11-20T16:06:00
219017814,1.237693,103.637000,1,320,1,2013-11-20T15:46:00
564201000,1.269815,103.765700,10,215,15,2013-11-20T16:10:00
565860000,1.306317,103.653500,0,184,3,2013-11-20T16:01:00
565635000,1.249017,103.690300,3,238,0,2013-11-20T16:08:00
525018077,1.244120,103.643000,1,46,99,2013-11-20T16:02:00
563013650,1.310217,103.655900,0,360,0,2013-11-20T16:11:00
538003672,1.304602,103.646500,0,226,5,2013-11-20T16:06:00
538001210,1.199647,103.794700,0,346,5,2013-11-20T15:57:00
533064100,1.245523,103.495600,0,16,8,2013-11-20T16:01:00
466244000,1.243800,103.692900,13,335,0,2013-11-20T15:48:00
553111664,1.299047,103.757300,0,0,5,2013-11-20T16:01:00
457872000,1.215288,103.578200,2,100,0,2013-11-20T16:05:00
566449000,1.275032,103.758800,0,316,5,2013-11-20T16:11:00
56477800,1.266405,103.649900,65,202,1,2013-11-20T16:09:00
305510000,1.295543,103.674600,0,344,5,2013-11-20T16:09:00
503791300,-12.455040,130.847300,0,272,99,2013-11-20T16:11:00
636015985,1.233695,103.812000,1,318,1,2013-11-20T16:12:00
566982000,1.219240,103.731000,1,62,1,2013-11-20T16:01:00
636092461,1.270452,103.766500,0,75,5,2013-11-20T16:09:00
525015381,-5.937747,105.957800,17,203,0,2013-11-20T16:11:00
503065000,-12.469830,130.849800,0,15,5,2013-11-20T16:11:00
8266504,10.769540,106.708300,0,0,14,2013-11-20T16:11:00
563023690,1.306828,103.727500,0,118,99,2013-11-20T16:07:00
244941000,1.314398,103.647500,0,68,5,2013-11-20T16:04:00
572606210,1.243533,103.638900,1,222,0,2013-11-20T16:11:00
566548000,5.580039,95.255960,1,71,1,2013-11-20T16:11:00
525015803,1.248008,103.873600,0,160,99,2013-11-20T15:49:00
310587000,1.226090,103.800200,1,236,1,2013-11-20T16:06:00
563016950,1.246337,103.789800,227,215,99,2013-11-20T16:05:00
311048600,1.293833,103.675500,0,269,5,2013-11-20T15:54:00
529403000,1.310932,103.726600,0,170,99,2013-11-20T15:37:00
357722000,-6.017187,105.955000,0,266,5,2013-11-20T16:12:00
563024530,1.250235,103.643900,64,111,99,2013-11-20T16:12:00
563594000,1.229357,103.586000,5,210,1,2013-11-20T15:27:00
564462000,1.297438,103.686800,0,222,0,2013-11-20T16:11:00
5631114,1.160127,103.740900,0,0,98,2013-11-20T16:00:00
352822000,1.261947,103.845100,0,97,5,2013-11-20T16:11:00
311992000,1.217273,103.808100,1,79,1,2013-11-20T16:08:00
564533000,1.241643,103.635600,1,359,1,2013-11-20T16:12:00
377097000,1.272067,103.773000,0,123,5,2013-11-20T16:10:00
525012050,-3.307120,114.567000,2,298,0,2013-11-20T16:10:00
566841000,1.276298,103.756400,0,22,8,2013-11-20T16:11:00
636091086,1.283090,103.761500,0,0,5,2013-11-20T16:11:00
503515400,-12.468470,130.850600,0,226,5,2013-11-20T16:10:00
525015574,-6.016390,105.954000,1,299,0,2013-11-20T16:11:00
533000569,1.290855,103.760500,1,97,99,2013-11-20T16:07:00
503623000,-16.947840,145.769100,0,0,99,2013-11-20T16:12:00
636015492,10.764330,106.710200,0,297,5,2013-11-20T15:50:00
305366000,1.247790,103.804600,0,195,1,2013-11-20T16:12:00
5631108,1.300950,103.717800,0,0,14,2013-11-20T16:11:00
5631128,1.234188,103.721800,0,0,98,2013-11-20T16:10:00
563026510,1.306323,103.697100,0,316,99,2013-11-20T16:11:00
563714000,1.297398,103.689100,1,328,5,2013-11-20T16:11:00
325579000,1.307915,103.652600,0,75,2,2013-11-20T16:03:00
563003290,1.291078,103.760200,1,108,5,2013-11-20T15:53:00
351720000,1.254822,103.923500,1,188,1,2013-11-20T15:45:00
636016105,1.256727,103.867200,1,167,1,2013-11-20T16:11:00
563014950,1.304275,103.727800,57,315,99,2013-11-20T15:41:00
210738000,1.269933,103.883100,1,238,1,2013-11-20T15:43:00
525011093,-5.889950,106.004300,1,133,1,2013-11-20T16:06:00
565681000,1.222650,103.631700,1,297,1,2013-11-20T16:11:00
636092476,10.763970,106.801100,0,253,5,2013-11-20T16:04:00
563927000,1.220783,103.720500,0,100,8,2013-11-20T16:08:00
309761000,1.282823,103.976500,1,113,1,2013-11-20T16:10:00
525019219,1.218387,103.914700,59,76,0,2013-11-20T15:14:00
567034400,10.962690,99.790500,88,9,8,2013-11-20T16:10:00
636014927,1.276455,103.938000,0,45,1,2013-11-20T16:07:00
563960000,1.258075,103.644100,1,231,1,2013-11-20T16:12:00
636013124,1.279483,103.751600,0,285,5,2013-11-20T16:06:00
357767000,1.306138,103.647500,0,0,5,2013-11-20T16:06:00
900135162,1.306415,103.728300,0,0,99,2013-11-20T16:08:00
565640000,1.289717,103.726600,0,98,5,2013-11-20T16:08:00
564055000,1.235927,103.644500,0,0,1,2013-11-20T16:04:00
538003630,1.225750,103.631000,1,194,1,2013-11-20T16:10:00
563024970,1.306022,103.694100,1,305,99,2013-11-20T16:03:00
563004120,1.306300,103.727500,0,305,99,2013-11-20T16:10:00
503710000,-12.479190,130.930300,0,150,0,2013-11-20T16:10:00
457268621,1.259657,103.692100,36,173,99,2013-11-20T15:38:00
565472000,1.276365,103.938000,1,241,0,2013-11-20T16:08:00
422038800,1.221618,103.505400,147,287,0,2013-11-20T15:42:00
525019422,-3.370088,114.514300,2,174,0,2013-11-20T15:56:00
565478000,1.218003,103.734600,1,256,1,2013-11-20T15:42:00
477598700,1.300097,103.699000,0,2,5,2013-11-20T16:03:00
636091721,1.272667,103.942300,0,189,1,2013-11-20T16:00:00
503506000,-12.471020,130.847100,0,179,5,2013-11-20T16:10:00
352417000,5.381212,100.347200,1,284,1,2013-11-20T15:59:00
533062700,1.294772,103.674700,0,207,5,2013-11-20T16:09:00
538002547,5.461938,100.352600,2,113,1,2013-11-20T16:09:00
563002320,1.286142,103.705500,0,44,99,2013-11-20T16:12:00
636015010,1.215700,103.589100,1,28,1,2013-11-20T16:03:00
574380000,6.882117,121.849000,108,293,0,2013-11-20T16:11:00
212555000,1.333217,103.549200,0,225,5,2013-11-20T16:06:00
600012500,10.313250,123.931300,0,262,0,2013-11-20T16:11:00
636015827,1.187317,103.700300,0,121,1,2013-11-20T16:06:00
236623000,1.291033,103.745800,0,317,5,2013-11-20T16:11:00
538003332,1.284067,103.759700,0,65,0,2013-11-20T16:11:00
563293000,1.304572,103.694300,0,0,99,2013-11-20T16:05:00
477770900,1.244038,103.473400,3,351,1,2013-11-20T16:12:00
574251000,1.226980,103.642300,3,301,0,2013-11-20T16:08:00
572760000,1.314495,103.650600,0,300,5,2013-11-20T16:11:00
441951000,1.208658,103.883300,96,14,0,2013-11-20T16:11:00
257557000,1.277528,103.898400,1,268,1,2013-11-20T15:45:00
245496000,1.057467,103.904700,0,241,5,2013-11-20T16:12:00
636014308,1.272000,103.929200,1,284,0,2013-11-20T16:10:00
563197000,1.249257,103.650200,0,335,1,2013-11-20T16:11:00
218735000,1.285143,103.769700,0,0,5,2013-11-20T16:11:00
564998000,1.310675,103.636100,1,118,5,2013-11-20T16:11:00
533067600,1.293328,103.673600,0,322,5,2013-11-20T15:57:00
566736000,1.279550,103.751300,0,295,0,2013-11-20T16:10:00
563834000,1.221873,103.638300,1,332,1,2013-11-20T15:37:00
563837000,-5.968978,105.992200,1,40,5,2013-11-20T16:11:00
457542000,1.223162,103.586200,2,2,2,2013-11-20T16:03:00
533019600,1.238598,103.796900,0,356,1,2013-11-20T15:58:00
565968000,1.307728,103.727700,0,339,5,2013-11-20T16:12:00
525645100,1.243880,103.866400,69,88,99,2013-11-20T15:53:00
564627000,1.264983,103.736900,113,222,5,2013-11-20T15:59:00
538003079,1.236422,103.656200,1,347,1,2013-11-20T16:11:00
564521000,1.305952,103.682800,0,48,5,2013-11-20T16:11:00
563003660,1.243770,103.756100,74,85,99,2013-11-20T15:38:00
311493000,7.470161,98.405100,183,146,0,2013-11-20T15:35:00
566385000,1.356488,103.546800,2,330,0,2013-11-20T16:09:00
503440400,-16.920240,145.781800,0,0,99,2013-11-20T16:10:00
357865000,1.263100,103.901100,0,41,1,2013-11-20T16:09:00
563011690,1.306267,103.727500,2,181,99,2013-11-20T16:12:00
565987000,1.239365,103.641700,3,14,1,2013-11-20T16:08:00
312163000,1.306737,103.727600,0,187,99,2013-11-20T16:07:00
566301000,1.238800,103.742800,0,199,0,2013-11-20T16:09:00
566746000,1.196588,103.744700,1,125,0,2013-11-20T16:11:00
240625000,-6.009800,105.956900,3,151,0,2013-11-20T16:10:00
564006000,1.250588,103.597900,4,224,1,2013-11-20T15:58:00
636015155,1.315383,103.648300,0,114,1,2013-11-20T15:51:00
564457000,1.305848,103.753800,1,123,0,2013-11-20T16:04:00
525015931,-3.333727,114.554000,0,254,0,2013-11-20T16:12:00
564524000,5.422387,100.360800,0,130,5,2013-11-20T15:49:00
572623000,1.303385,103.728500,0,2,99,2013-11-20T16:05:00
631918000,1.246883,103.807400,2,341,1,2013-11-20T16:06:00
563126000,1.254417,103.877400,0,102,1,2013-11-20T16:12:00
563023730,1.309865,103.726700,1,326,99,2013-11-20T16:12:00
312811000,1.296962,103.756600,0,353,5,2013-11-20T16:07:00
538090020,1.262672,103.828400,0,195,5,2013-11-20T16:09:00
574001800,10.650330,106.742300,0,140,5,2013-11-20T16:10:00
563011350,1.307875,103.679600,0,0,99,2013-11-20T16:08:00
566867000,1.251668,103.878900,1,226,1,2013-11-20T16:07:00
563330000,1.226332,103.819600,1,164,1,2013-11-20T15:48:00
112,10.231210,123.861400,0,252,8,2013-11-20T16:11:00
503153100,-16.919230,145.781800,0,0,99,2013-11-20T16:04:00
351705000,1.301942,103.727700,0,278,5,2013-11-20T16:08:00
563008910,1.306368,103.727900,1,360,99,2013-11-20T15:37:00
563026490,1.271157,103.854400,1,78,99,2013-11-20T16:11:00
566072000,1.258720,103.870900,1,336,8,2013-11-20T16:12:00
566680000,1.292790,103.694100,0,287,5,2013-11-20T16:07:00
565087000,1.244267,103.586100,0,274,1,2013-11-20T16:10:00
564786000,1.221160,103.715500,1,25,1,2013-11-20T16:11:00
565536000,1.288617,103.764000,0,164,5,2013-11-20T16:12:00
636092267,1.281617,103.771000,0,124,5,2013-11-20T16:10:00
538002745,1.217017,103.643300,1,343,1,2013-11-20T16:10:00
249207000,1.278535,103.692000,0,0,5,2013-11-20T16:12:00
563026530,1.306320,103.697000,1,107,99,2013-11-20T16:00:00
538003256,1.232217,103.686000,0,82,5,2013-11-20T16:06:00
457403000,1.173263,103.957600,1,41,1,2013-11-20T16:06:00
308188000,5.688900,99.974770,71,293,0,2013-11-20T16:11:00
372817000,1.228578,103.441000,120,282,0,2013-11-20T15:21:00
563860000,1.202853,103.814200,76,118,0,2013-11-20T16:10:00
565459000,1.220617,103.728200,1,30,1,2013-11-20T16:02:00
566203000,1.278233,103.644400,0,93,5,2013-11-20T16:10:00
563428000,1.305875,103.727900,1,298,0,2013-11-20T16:09:00
636091192,1.285772,103.757000,0,301,5,2013-11-20T16:07:00
564470000,-6.007942,105.959400,0,196,5,2013-11-20T16:11:00
564762000,1.235728,103.686900,12,248,3,2013-11-20T16:08:00
354262000,1.250930,103.611500,0,83,5,2013-11-20T15:45:00
525002084,-5.871925,105.799200,45,181,0,2013-11-20T15:14:00
477435800,-5.896938,105.986200,2,285,1,2013-11-20T16:11:00
503075600,-16.919590,145.781700,0,302,99,2013-11-20T16:06:00
525016714,-5.964817,105.967900,0,93,0,2013-11-20T16:08:00
457232000,1.305830,103.728200,1,341,99,2013-11-20T16:11:00
563092000,1.265755,103.754700,60,287,0,2013-11-20T16:08:00
372636000,1.305667,103.648300,0,182,5,2013-11-20T15:25:00
563002110,1.286083,103.705400,0,224,99,2013-11-20T16:05:00
574144134,10.309530,123.925100,1,260,5,2013-11-20T16:10:00
564008000,1.219457,103.583700,2,174,1,2013-11-20T15:55:00
564595000,1.295867,103.674300,0,353,99,2013-11-20T16:00:00
566192000,1.234785,103.713500,62,168,0,2013-11-20T16:11:00
563015550,1.306513,103.728100,0,0,99,2013-11-20T16:11:00
90,10.329670,123.976000,0,299,15,2013-11-20T16:11:00
566601000,1.341218,103.552400,1,64,0,2013-11-20T16:11:00
563009570,1.218137,103.616200,0,360,0,2013-11-20T16:02:00
341681000,1.221427,103.805400,3,0,1,2013-11-20T15:58:00
563004670,1.176655,103.843400,37,139,0,2013-11-20T16:09:00
538004464,1.238820,103.896100,0,1,1,2013-11-20T16:08:00
563008750,1.306305,103.727700,0,36,99,2013-11-20T16:10:00
245992000,1.163183,103.936200,1,34,1,2013-11-20T15:23:00
574322000,10.694780,106.751100,0,0,5,2013-11-20T16:10:00
563339000,1.304798,103.728100,0,215,5,2013-11-20T16:04:00
574459000,10.693280,106.759500,0,331,1,2013-11-20T16:09:00
564465000,1.301300,103.755200,0,0,5,2013-11-20T16:01:00
371151000,1.261467,103.561400,1,177,1,2013-11-20T16:01:00
353729000,-12.488350,130.877900,0,331,5,2013-11-20T16:08:00
311182000,-8.728316,115.716400,135,198,0,2013-11-20T15:30:00
563297000,1.307142,103.726800,0,226,8,2013-11-20T16:09:00
525016187,-5.927770,105.993300,0,159,0,2013-11-20T16:10:00
563017840,1.282605,103.703700,1,183,99,2013-11-20T16:10:00
477185100,5.369048,100.364600,0,72,5,2013-11-20T15:51:00
525666999,-5.945718,105.987700,0,0,1,2013-11-20T16:10:00
413800485,0.479070,120.208200,0,0,0,2013-11-20T15:45:00
563781000,1.261593,103.819400,60,258,0,2013-11-20T15:13:00
636092075,6.162217,95.490460,128,102,0,2013-11-20T15:37:00
1016,4.501725,114.916700,0,0,14,2013-11-20T15:53:00
564440000,1.262227,103.841400,43,307,0,2013-11-20T16:11:00
335470002,1.307658,103.726200,0,330,99,2013-11-20T16:11:00
352487000,-5.820250,105.855700,147,28,0,2013-11-20T16:11:00
529182000,1.274202,103.753900,96,133,99,2013-11-20T16:00:00
538003953,1.245217,103.575600,0,71,1,2013-11-20T16:11:00
563022440,1.301717,103.756200,0,360,99,2013-11-20T15:27:00
525001068,-5.869717,105.758200,70,243,0,2013-11-20T16:02:00
564782000,1.266683,103.831200,1,236,0,2013-11-20T16:11:00
319028000,1.217512,103.639800,0,236,1,2013-11-20T16:08:00
636091029,1.245950,103.883400,1,45,1,2013-11-20T16:07:00
576506000,1.315002,103.648000,0,212,5,2013-11-20T16:08:00
563038000,1.238310,103.738400,1,325,5,2013-11-20T16:09:00
525021098,1.306888,103.725400,16,272,99,2013-11-20T15:22:00
563009210,1.283592,103.772100,0,309,15,2013-11-20T16:11:00
354437000,1.240317,103.691600,0,74,5,2013-11-20T16:10:00
525018201,1.233727,103.825700,4,18,15,2013-11-20T16:10:00
525017038,-3.290033,114.565800,0,95,1,2013-11-20T16:11:00
210911000,-12.491740,130.882300,1,312,5,2013-11-20T16:09:00
574168158,10.683620,106.768100,61,138,5,2013-11-20T16:10:00
563269000,1.112052,103.597800,5,116,0,2013-11-20T16:11:00
525024056,-5.958550,105.973700,1,113,99,2013-11-20T16:10:00
229443000,-12.106230,130.232600,114,114,0,2013-11-20T16:11:00
503642100,-12.470920,130.846300,0,260,99,2013-11-20T15:55:00
525008027,-5.904415,105.988100,2,41,1,2013-11-20T16:11:00
247293500,1.293317,103.692700,0,211,5,2013-11-20T16:11:00
525007018,-5.895562,105.997700,2,106,1,2013-11-20T16:10:00
636091772,1.223455,103.640700,7,317,0,2013-11-20T16:12:00
441659000,5.602967,113.898500,157,36,0,2013-11-20T16:01:00
538003718,1.280117,103.693500,0,173,5,2013-11-20T16:11:00
529461000,1.230917,103.579200,2,205,1,2013-11-20T15:58:00
477991258,5.460993,100.319600,2,310,99,2013-11-20T15:55:00
538005242,10.761420,106.798100,0,335,5,2013-11-20T16:08:00
477044300,6.013815,95.946960,114,105,0,2013-11-20T15:37:00
477319900,1.250608,103.903500,1,343,1,2013-11-20T16:10:00
477257300,1.308130,103.716100,0,298,5,2013-11-20T16:08:00
548791000,1.305587,103.646900,0,238,5,2013-11-20T16:10:00
566639000,1.285942,103.754200,0,310,5,2013-11-20T16:07:00
525019451,-8.533588,115.509300,0,289,0,2013-11-20T16:09:00
503609000,-16.928630,145.780200,0,289,5,2013-11-20T16:04:00
525010053,-8.542982,115.519400,7,350,15,2013-11-20T16:11:00
525018229,-5.838515,106.056200,161,84,0,2013-11-20T15:57:00
538004045,1.255173,103.911700,1,240,1,2013-11-20T16:10:00
503640500,-10.586450,142.221500,0,280,0,2013-11-20T16:10:00
533180004,1.231522,103.571800,2,30,1,2013-11-20T16:00:00
565744000,1.273818,103.754100,59,310,0,2013-11-20T16:09:00
457532000,1.309750,103.726700,0,191,99,2013-11-20T16:06:00
565648000,1.274040,103.969900,0,213,1,2013-11-20T15:19:00
352374000,-6.016487,105.888900,57,52,0,2013-11-20T16:11:00
253533000,1.299620,103.652400,0,293,5,2013-11-20T16:00:00
503213000,-12.073870,130.449600,79,271,0,2013-11-20T16:11:00
538003824,1.101470,103.740400,120,44,0,2013-11-20T16:11:00
412439850,-5.954220,105.989500,3,44,8,2013-11-20T16:12:00
525012130,1.219697,103.592900,28,313,0,2013-11-20T16:07:00
5671304,7.832193,98.423740,0,0,98,2013-11-20T16:09:00
244841000,1.170617,103.714800,0,220,1,2013-11-20T16:03:00
440673000,10.758700,106.730200,3,20,5,2013-11-20T16:09:00
5330506,5.426615,100.252100,0,0,14,2013-11-20T15:57:00
566464000,1.259685,103.897200,1,235,1,2013-11-20T16:01:00
565574000,1.242612,103.921500,0,264,1,2013-11-20T16:05:00
564744000,1.226000,103.649700,0,122,1,2013-11-20T16:10:00
352441000,1.290517,103.726400,0,306,1,2013-11-20T15:50:00
257483000,1.089305,103.891400,2,125,3,2013-11-20T16:08:00
563004540,1.290720,103.760400,0,94,8,2013-11-20T16:12:00
335463001,1.293308,103.750300,2,114,99,2013-11-20T16:11:00
636091903,10.194850,123.775000,0,102,1,2013-11-20T16:11:00
503630000,-10.333000,105.566000,55,270,0,2013-11-20T16:11:00
563015540,1.306147,103.727400,0,110,99,2013-11-20T16:11:00
5631100,1.273633,103.801300,0,0,14,2013-11-20T16:09:00
563894000,1.265352,103.943100,0,233,15,2013-11-20T15:48:00
229456000,1.168300,103.680500,159,303,0,2013-11-20T16:12:00
246383000,1.262913,103.829000,1,60,5,2013-11-20T16:02:00
538005084,1.262948,103.871700,1,271,1,2013-11-20T16:10:00
563001140,1.303967,103.669200,1,329,99,2013-11-20T16:00:00
235055168,-12.458790,130.849300,0,299,0,2013-11-20T16:09:00
351160000,10.522530,107.014900,46,38,0,2013-11-20T15:53:00
372728000,1.193975,103.881400,124,59,0,2013-11-20T16:11:00
503434600,-12.454790,130.847500,0,254,99,2013-11-20T15:38:00
371408000,1.301605,103.720800,0,242,0,2013-11-20T16:11:00
574209000,10.713420,106.754500,0,215,0,2013-11-20T16:10:00
5631106,1.271400,103.842400,0,0,14,2013-11-20T16:08:00
566135000,1.234547,103.636700,2,357,0,2013-11-20T16:10:00
563018010,1.270058,103.867200,0,2,99,2013-11-20T15:51:00
525025080,-3.313673,114.562600,60,22,15,2013-11-20T16:11:00
373515000,1.269262,103.951200,37,349,0,2013-11-20T16:03:00
563022020,1.258913,103.730800,43,231,99,2013-11-20T16:08:00
370453000,1.265560,103.943100,1,29,1,2013-11-20T16:12:00
525025087,-3.234193,114.541900,65,7,15,2013-11-20T16:12:00
533000966,1.265037,103.873600,1,44,1,2013-11-20T16:08:00
565615000,1.267502,103.835000,1,263,5,2013-11-20T16:03:00
457393000,1.243415,103.866300,75,95,99,2013-11-20T15:53:00
566511000,1.219693,103.725900,1,217,1,2013-11-20T16:02:00
566964000,1.250598,103.859800,58,322,0,2013-11-20T16:12:00
563021750,1.271098,103.854400,1,75,99,2013-11-20T16:11:00
477826700,1.129395,103.570400,2,189,0,2013-11-20T15:18:00
371992000,5.230427,114.679700,0,69,5,2013-11-20T15:51:00
563005590,1.266135,103.852300,51,150,0,2013-11-20T16:12:00
565517000,1.238732,103.590400,0,6,1,2013-11-20T16:12:00
503410700,-12.480720,130.925900,0,360,99,2013-11-20T16:11:00
574320000,10.278300,123.885600,0,103,1,2013-11-20T16:12:00
403509001,1.189767,103.660700,102,301,1,2013-11-20T16:12:00
563085000,1.174933,103.667600,73,296,0,2013-11-20T16:10:00
636014183,1.228862,103.590100,0,193,1,2013-11-20T15:45:00
563005190,1.213818,103.828300,1,184,0,2013-11-20T15:58:00
565463000,1.226292,103.659700,2,338,1,2013-11-20T16:11:00
503728400,-12.492460,130.864500,0,199,99,2013-11-20T16:09:00
563001280,1.226552,103.705500,59,51,0,2013-11-20T16:11:00
538003798,1.304083,103.717800,0,165,5,2013-11-20T16:04:00
529361000,1.302947,103.701400,9,217,99,2013-11-20T15:58:00
477760400,-6.011783,105.955300,1,256,5,2013-11-20T16:08:00
564416000,1.307698,103.652300,0,63,0,2013-11-20T16:09:00
636015370,10.146390,100.837200,171,354,0,2013-11-20T15:30:00
533000525,5.524775,100.302000,60,128,1,2013-11-20T16:09:00
566691000,1.174703,103.778400,73,57,0,2013-11-20T15:57:00
375888000,1.161140,103.776100,112,243,0,2013-11-20T16:08:00
538090461,1.177243,103.669300,150,285,0,2013-11-20T16:08:00
538002823,1.264297,103.851700,0,180,5,2013-11-20T16:10:00
538003004,11.293330,99.670250,0,275,1,2013-11-20T16:11:00
1905268,1.283152,103.779300,0,0,15,2013-11-20T16:11:00
564313000,1.282243,103.771100,2,209,5,2013-11-20T16:11:00
355951000,10.759020,106.793200,0,267,5,2013-11-20T15:25:00
354934000,1.142098,103.729200,100,302,0,2013-11-20T16:10:00
563004130,1.280712,103.904700,62,81,15,2013-11-20T16:08:00
565081000,1.193045,103.749200,0,44,5,2013-11-20T15:51:00
636013972,1.248512,103.567900,1,174,1,2013-11-20T15:57:00
355164000,1.249688,103.883600,42,101,0,2013-11-20T16:11:00
563012720,1.218383,103.817100,29,135,8,2013-11-20T16:08:00
533632000,5.319890,100.138400,83,359,0,2013-11-20T16:12:00
563546000,1.297043,103.933800,0,354,0,2013-11-20T15:58:00
636091968,10.760000,106.716700,0,0,5,2013-11-20T16:10:00
563009350,1.306265,103.727600,0,98,99,2013-11-20T16:11:00
305757000,1.265270,103.892000,1,247,1,2013-11-20T16:11:00
356278000,5.417952,100.360200,2,258,15,2013-11-20T16:07:00
563617000,1.243967,103.690700,0,164,5,2013-11-20T16:06:00
563516000,1.229633,103.983600,154,81,0,2013-11-20T15:58:00
636091893,1.224617,103.875800,76,136,0,2013-11-20T16:12:00
565241000,1.209518,103.845300,79,260,8,2013-11-20T16:02:00
566754000,1.354487,103.545900,48,341,1,2013-11-20T16:12:00
371303000,10.501930,106.998700,110,199,0,2013-11-20T16:09:00
564174000,1.265550,103.685300,0,74,5,2013-11-20T16:11:00
259156000,-12.472420,130.845600,1,356,5,2013-11-20T16:04:00
567062400,-10.282180,105.583500,12,325,8,2013-11-20T16:11:00
636010701,10.752210,106.778000,0,349,5,2013-11-20T16:08:00
441753000,1.229400,103.655300,1,220,1,2013-11-20T16:11:00
229275000,1.268533,103.769800,0,297,5,2013-11-20T16:08:00
240506000,1.229367,103.810400,0,340,5,2013-11-20T16:09:00
356446000,1.234483,103.967400,126,74,0,2013-11-20T15:22:00
574056046,1.235120,103.796300,2,200,1,2013-11-20T15:41:00
351931000,1.113383,103.535300,166,120,0,2013-11-20T15:46:00
441662000,1.224447,103.647000,0,346,1,2013-11-20T15:14:00
354984000,10.599820,100.609100,130,181,0,2013-11-20T15:15:00
228325600,5.570915,113.765000,4,144,0,2013-11-20T16:01:00
239672000,1.277133,103.962600,0,246,1,2013-11-20T15:37:00
565548000,1.281852,103.770800,0,339,0,2013-11-20T16:08:00
566392000,1.275060,103.892000,19,235,5,2013-11-20T15:30:00
563025250,1.269080,103.865200,2,34,99,2013-11-20T15:40:00
353578000,1.276500,103.756300,0,37,5,2013-11-20T16:07:00
357398000,1.225500,103.554300,92,331,0,2013-11-20T16:08:00
574046000,10.697880,106.754200,0,206,1,2013-11-20T16:12:00
370808000,1.285968,103.755200,0,258,5,2013-11-20T16:08:00
304512000,-6.011500,105.958700,0,0,5,2013-11-20T16:12:00
525008079,-5.961905,105.986100,2,19,0,2013-11-20T16:12:00
355462000,1.217682,103.592700,1,228,1,2013-11-20T16:11:00
372210000,10.417200,107.009200,110,115,0,2013-11-20T16:06:00
565769001,1.263373,103.848400,1,129,1,2013-11-20T16:11:00
548299100,9.436780,123.737300,109,133,0,2013-11-20T16:03:00
525017091,-5.921770,105.939800,58,107,0,2013-11-20T16:11:00
373671000,-16.836680,117.683300,140,167,0,2013-11-20T16:01:00
565923000,1.217618,103.721000,0,349,1,2013-11-20T16:10:00
219973000,1.191920,103.871800,175,79,0,2013-11-20T16:12:00
525018171,-5.836552,105.959500,124,66,0,2013-11-20T16:05:00
563659000,1.239817,103.750300,0,67,0,2013-11-20T16:08:00
375336000,10.760730,106.715200,1,277,5,2013-11-20T16:10:00
525005099,-5.917102,105.909600,84,107,0,2013-11-20T16:12:00
533057100,1.304657,103.649800,0,306,1,2013-11-20T16:01:00
120000000,-5.906993,105.971500,54,81,0,2013-11-20T16:11:00
564780000,1.220898,103.725900,3,34,5,2013-11-20T16:10:00
311000113,1.312030,103.648600,0,224,5,2013-11-20T16:03:00
565888000,1.206567,103.855500,64,66,0,2013-11-20T16:12:00
538004240,-16.189850,117.531800,113,341,0,2013-11-20T15:22:00
477334200,1.251200,103.886700,0,318,1,2013-11-20T16:10:00
5030052,-16.904100,145.841600,0,0,14,2013-11-20T16:09:00
563017120,-3.380862,114.502100,0,0,99,2013-11-20T16:12:00
525002111,-8.534110,115.509900,3,123,0,2013-11-20T16:10:00
525005259,1.279663,103.896200,32,178,1,2013-11-20T16:12:00
372493000,1.184733,103.811500,132,243,0,2013-11-20T16:12:00
566536000,1.223867,103.583200,2,209,0,2013-11-20T16:10:00
503664100,-12.451020,130.823400,1,270,99,2013-11-20T16:11:00
525025083,1.237500,103.818400,1,326,1,2013-11-20T16:07:00
574000850,1.230205,103.822700,1,180,1,2013-11-20T16:11:00
564736000,1.237117,103.686700,0,266,0,2013-11-20T16:10:00
564293000,1.232750,103.879500,66,227,1,2013-11-20T16:12:00
215202000,1.249350,103.910700,1,176,1,2013-11-20T16:11:00
525019293,-5.955942,105.990700,1,111,0,2013-11-20T16:10:00
525016699,-5.968888,105.992000,4,352,6,2013-11-20T16:06:00
566595000,1.228507,103.547500,0,180,1,2013-11-20T15:57:00
5330045,3.428005,101.788700,0,0,14,2013-11-20T16:10:00
564844000,1.191170,103.823600,49,136,0,2013-11-20T16:03:00
563025030,1.283330,103.750900,184,33,99,2013-11-20T15:53:00
457059000,1.294942,103.752000,72,256,99,2013-11-20T16:02:00
370738000,1.221450,103.654000,0,343,1,2013-11-20T16:12:00
540007360,-12.470070,130.855500,0,200,99,2013-11-20T16:09:00
5671207,10.448910,99.254140,0,0,98,2013-11-20T16:11:00
229127000,1.221450,103.966100,133,74,0,2013-11-20T15:52:00
247289700,1.279820,103.737300,0,227,5,2013-11-20T16:06:00
636091273,1.237737,103.572800,23,237,0,2013-11-20T16:11:00
565133000,1.284850,103.770000,0,280,0,2013-11-20T16:08:00
563002540,1.219565,103.588700,5,169,1,2013-11-20T16:07:00
525015899,1.162390,103.948200,1,328,1,2013-11-20T16:10:00
312555000,1.264355,103.768400,88,316,99,2013-11-20T16:10:00
372793000,1.267667,103.886900,18,44,0,2013-11-20T16:10:00
376344000,1.104560,103.546200,107,124,0,2013-11-20T15:59:00
563020630,1.271233,103.760900,176,130,99,2013-11-20T16:11:00
574001290,1.276050,103.903400,0,183,1,2013-11-20T16:02:00
353568000,1.233573,103.972200,116,82,0,2013-11-20T15:50:00
356905000,6.229767,95.484950,123,289,0,2013-11-20T16:11:00
477786600,6.163110,95.297870,131,104,0,2013-11-20T16:11:00
357304000,6.174093,95.590600,120,109,0,2013-11-20T16:08:00
636014592,6.150064,95.560860,111,105,0,2013-11-20T16:12:00
477107200,6.131852,95.738850,144,108,0,2013-11-20T16:09:00
538004298,6.175766,95.441060,99,104,0,2013-11-20T15:37:00
574002060,1.118622,103.594900,2,31,1,2013-11-20T15:38:00
563023720,1.303603,103.728500,1,350,99,2013-11-20T16:11:00
636016148,1.280497,103.948100,1,281,1,2013-11-20T16:06:00
245694000,10.247140,123.892200,2,122,1,2013-11-20T16:11:00
525019457,-5.868083,105.756800,4,36,0,2013-11-20T16:08:00
533718000,5.411438,100.348600,6,299,0,2013-11-20T15:57:00
565058000,1.170215,103.754700,72,213,5,2013-11-20T15:46:00
566361000,5.590448,114.619500,81,308,0,2013-11-20T15:58:00
533000699,-3.278640,114.558600,1,220,99,2013-11-20T16:12:00
236376000,1.074878,103.897100,0,100,5,2013-11-20T15:33:00
356572000,1.220963,103.640500,0,336,1,2013-11-20T16:00:00
533004300,5.320500,100.127800,71,348,0,2013-11-20T16:09:00
565299000,1.240558,103.764400,1,224,0,2013-11-20T16:06:00
351565000,1.193333,103.485200,90,26,0,2013-11-20T16:09:00
525020108,1.281520,103.737800,49,139,8,2013-11-20T16:11:00
64342000,1.285290,103.767900,35,287,0,2013-11-20T16:11:00
353005000,10.216380,123.949300,119,63,0,2013-11-20T16:12:00
373023000,1.241237,103.809400,3,40,1,2013-11-20T15:57:00
564437000,1.263452,103.886600,0,0,0,2013-11-20T16:12:00
247184800,1.261518,103.914500,1,306,1,2013-11-20T15:44:00
564218000,-3.234895,114.542000,54,14,99,2013-11-20T15:54:00
229541000,6.127670,95.310330,185,276,0,2013-11-20T16:11:00
477685700,6.027216,95.561850,133,284,0,2013-11-20T16:11:00
376396000,6.046918,95.654050,105,99,0,2013-11-20T16:08:00
477993800,6.355917,95.462400,132,95,0,2013-11-20T16:00:00
563018030,1.270005,103.863400,0,292,99,2013-11-20T15:37:00
413058000,6.151166,95.691830,179,289,0,2013-11-20T15:37:00
419694000,6.208800,95.445400,149,290,0,2013-11-20T16:12:00
414035000,1.250005,103.934700,1,43,1,2013-11-20T15:43:00
235098383,6.082765,95.686650,192,287,0,2013-11-20T16:11:00
373623000,6.247233,95.401390,127,97,0,2013-11-20T15:37:00
304513000,6.099400,95.390500,170,101,0,2013-11-20T16:12:00
373418000,6.330623,95.481490,108,97,0,2013-11-20T16:06:00
563024250,1.266558,103.854600,77,6,99,2013-11-20T16:10:00
525023567,-5.893517,105.822200,160,55,8,2013-11-20T16:12:00
800000139,0.004667,119.012700,83,299,99,2013-11-20T15:58:00
548464100,10.307210,123.922100,1,187,1,2013-11-20T16:10:00
503371300,-12.454090,130.824200,0,0,99,2013-11-20T15:46:00
533001330,1.140315,103.786600,65,62,8,2013-11-20T16:02:00
477099600,6.373983,95.449230,107,274,0,2013-11-20T16:10:00
564295000,-6.028666,105.908200,0,214,1,2013-11-20T16:09:00
563024740,1.306177,103.728100,1,5,0,2013-11-20T16:11:00
538003905,6.439042,95.190700,124,95,0,2013-11-20T16:09:00
312633000,1.285682,103.705600,1,107,99,2013-11-20T16:10:00
304010657,1.362533,103.545400,1,74,5,2013-11-20T16:06:00
563000730,1.228595,103.705500,81,49,0,2013-11-20T16:11:00
477523000,1.269350,103.957700,1,282,1,2013-11-20T15:55:00
357699000,6.395233,95.386630,140,277,8,2013-11-20T16:10:00
511005002,5.567717,100.256400,49,307,0,2013-11-20T16:11:00
566585000,1.238600,103.748900,0,242,1,2013-11-20T16:12:00
533158000,1.235213,103.579400,2,29,1,2013-11-20T16:09:00
525002069,-5.895365,105.841900,70,308,0,2013-11-20T16:11:00
525004010,-8.511851,115.540300,3,73,1,2013-11-20T15:33:00
319638000,-16.918270,145.783000,0,119,5,2013-11-20T16:12:00
413282000,1.229613,103.815100,0,217,1,2013-11-20T16:08:00
432722000,6.092134,95.889240,159,100,0,2013-11-20T16:08:00
525023228,1.185000,103.664300,113,287,0,2013-11-20T16:10:00
538090424,1.262898,103.850900,0,0,5,2013-11-20T16:10:00
574336000,10.712730,106.751500,0,0,1,2013-11-20T16:07:00
566019000,1.290273,103.936800,1,129,0,2013-11-20T15:46:00
565170000,1.282150,103.951300,65,347,1,2013-11-20T15:49:00
357765000,1.183183,103.977500,0,325,1,2013-11-20T15:14:00
572802000,6.402508,95.078700,105,280,8,2013-11-20T16:04:00
564261000,1.282050,103.763800,0,315,1,2013-11-20T16:08:00
567491000,7.802713,98.421000,1,328,0,2013-11-20T16:10:00
566685000,1.283895,103.751700,0,13,1,2013-11-20T16:11:00
525001102,-5.927883,106.033100,2,236,5,2013-11-20T16:11:00
636091384,1.266917,103.839800,0,45,5,2013-11-20T16:09:00
525020114,1.305138,103.725200,0,326,99,2013-11-20T15:33:00
563019890,1.279198,103.741300,75,353,99,2013-11-20T15:48:00
352308000,5.392483,100.363700,0,254,5,2013-11-20T16:07:00
253494000,1.111810,103.891900,1,127,1,2013-11-20T16:09:00
356933000,10.303500,122.557500,79,95,0,2013-11-20T16:03:00
563603000,1.290393,103.949300,1,260,0,2013-11-20T15:53:00
563014940,1.295795,103.731000,40,330,99,2013-11-20T15:58:00
477961300,1.140967,103.486300,179,123,0,2013-11-20T16:12:00
525016710,1.309762,103.726900,0,123,99,2013-11-20T15:52:00
477195400,1.347490,103.550400,0,41,5,2013-11-20T16:07:00
566273000,1.306550,103.714800,0,199,3,2013-11-20T16:09:00
564603000,1.266167,103.830000,1,207,5,2013-11-20T16:07:00
564541000,1.266967,103.851700,0,11,99,2013-11-20T16:12:00
503558600,-12.471090,130.846300,0,254,99,2013-11-20T16:11:00
563017390,1.294280,103.754600,4,285,99,2013-11-20T16:08:00
564007000,1.224555,103.635300,1,28,1,2013-11-20T16:10:00
564781000,1.238997,103.895300,1,358,5,2013-11-20T16:11:00
477177600,1.250112,103.558100,0,346,1,2013-11-20T15:53:00
538005224,-12.315530,130.706800,0,357,1,2013-11-20T16:10:00
533000520,1.242432,103.801500,1,8,1,2013-11-20T16:06:00
525015932,-5.866022,105.812700,19,245,8,2013-11-20T16:04:00
538004675,-17.616660,146.246500,136,164,0,2013-11-20T15:35:00
572222000,1.224075,103.582900,0,0,1,2013-11-20T15:55:00
311073300,1.225220,103.592400,1,19,1,2013-11-20T15:55:00
325361000,1.310052,103.726400,0,0,99,2013-11-20T16:01:00
477087800,6.331683,95.248450,126,278,0,2013-11-20T15:37:00
563003930,1.275460,103.897700,71,72,3,2013-11-20T15:16:00
354518000,1.266785,103.882300,1,315,0,2013-11-20T16:09:00
533000688,5.863825,114.275500,22,209,0,2013-11-20T16:00:00
566775000,5.892322,114.298500,3,172,3,2013-11-20T16:01:00
229021000,5.895700,114.300400,1,216,3,2013-11-20T16:01:00
357428000,10.411130,107.115700,0,219,15,2013-11-20T16:06:00
525100374,-5.954085,105.977800,0,210,0,2013-11-20T16:10:00
565736000,1.299402,103.716900,0,162,0,2013-11-20T16:09:00
219979000,-17.717160,146.267100,139,163,0,2013-11-20T16:12:00
525021041,1.312775,103.647000,0,319,0,2013-11-20T16:08:00
368493000,5.978098,114.344800,6,231,0,2013-11-20T16:01:00
533170164,5.863342,114.326900,3,305,0,2013-11-20T16:01:00
563005180,1.245202,103.798400,1,26,0,2013-11-20T16:11:00
525023188,1.203450,103.801100,0,294,5,2013-11-20T16:00:00
565044000,1.272435,103.880200,1,342,0,2013-11-20T16:11:00
245980000,-17.664090,119.568700,106,204,0,2013-11-20T16:09:00
533130061,5.827044,114.340200,0,0,5,2013-11-20T16:00:00
355271000,1.239683,103.511300,5,183,1,2013-11-20T16:10:00
533004660,5.818624,114.321100,22,45,0,2013-11-20T16:01:00
312693000,1.237817,103.880000,81,261,0,2013-11-20T16:11:00
533180003,5.939692,114.331200,69,235,3,2013-11-20T16:01:00
305488000,5.960985,114.339000,0,201,0,2013-11-20T15:58:00
566622000,1.345000,103.551700,0,13,5,2013-11-20T16:03:00
529349000,1.292818,103.675000,0,0,99,2013-11-20T16:03:00
371394000,1.261967,103.919700,1,3,1,2013-11-20T16:11:00
572161000,1.296687,103.756200,1,34,99,2013-11-20T16:04:00
533130082,5.878700,114.321900,2,89,0,2013-11-20T15:58:00
563020660,1.226398,103.718600,49,140,8,2013-11-20T16:07:00
564444000,-12.489500,130.879500,0,316,5,2013-11-20T16:07:00
352306000,1.235400,103.648900,1,329,1,2013-11-20T16:08:00
375807000,1.267607,103.838900,0,0,1,2013-11-20T16:09:00
563021670,1.295017,103.757500,1,151,99,2013-11-20T16:06:00
538090064,5.423965,100.360800,3,57,0,2013-11-20T16:05:00
205146000,10.308830,106.894800,141,317,3,2013-11-20T16:12:00
564866000,5.827867,114.341400,3,242,3,2013-11-20T15:59:00
563024520,1.274727,103.870700,16,34,99,2013-11-20T16:05:00
31423000,5.882906,114.303200,2,276,0,2013-11-20T16:01:00
533000543,5.876240,114.303600,21,219,0,2013-11-20T16:00:00
209877000,5.962367,114.339700,6,222,0,2013-11-20T16:00:00
538004617,1.285333,103.926500,0,316,1,2013-11-20T16:12:00
371559000,1.282650,103.751100,0,75,5,2013-11-20T16:10:00
563476000,1.234630,103.771700,1,332,5,2013-11-20T16:10:00